  2.449490    0.000000    0.000000    0.000000    0.000000    0.000000    0.000000    0.000000    0.000000    0.000000  
 -1.632993    1.825742    0.000000    0.000000    0.000000    0.000000    0.000000    0.000000    0.000000    0.000000  
  0.408248   -1.825742    1.581139    0.000000    0.000000    0.000000    0.000000    0.000000    0.000000    0.000000  
  0.000000    0.547723   -1.897367    1.449137    0.000000    0.000000    0.000000    0.000000    0.000000    0.000000  
  0.000000    0.000000    0.632456   -1.932184    1.366260    0.000000    0.000000    0.000000    0.000000    0.000000  
  0.000000    0.000000    0.000000    0.690066   -1.951800    1.309307    0.000000    0.000000    0.000000    0.000000  
  0.000000    0.000000    0.000000    0.000000    0.731925   -1.963961    1.267731    0.000000    0.000000    0.000000  
  0.000000    0.000000    0.000000    0.000000    0.000000    0.763763   -1.972027    1.236033    0.000000    0.000000  
  0.000000    0.000000    0.000000    0.000000    0.000000    0.000000    0.788811   -1.977653    1.211060    0.000000  
  0.000000    0.000000    0.000000    0.000000    0.000000    0.000000    0.000000    0.809040   -1.981735    1.190874  
