  2.449490   -1.632993    0.408248    0.000000    0.000000    0.000000    0.000000    0.000000    0.000000    0.000000  
  0.000000    1.825742   -1.825742    0.547723    0.000000    0.000000    0.000000    0.000000    0.000000    0.000000  
  0.000000    0.000000    1.581139   -1.897367    0.632456    0.000000    0.000000    0.000000    0.000000    0.000000  
  0.000000    0.000000    0.000000    1.449137   -1.932184    0.690066    0.000000    0.000000    0.000000    0.000000  
  0.000000    0.000000    0.000000    0.000000    1.366260   -1.951800    0.731925    0.000000    0.000000    0.000000  
  0.000000    0.000000    0.000000    0.000000    0.000000    1.309307   -1.963961    0.763763    0.000000    0.000000  
  0.000000    0.000000    0.000000    0.000000    0.000000    0.000000    1.267731   -1.972027    0.788811    0.000000  
  0.000000    0.000000    0.000000    0.000000    0.000000    0.000000    0.000000    1.236033   -1.977653    0.809040  
  0.000000    0.000000    0.000000    0.000000    0.000000    0.000000    0.000000    0.000000    1.211060   -1.981735  
  0.000000    0.000000    0.000000    0.000000    0.000000    0.000000    0.000000    0.000000    0.000000    1.190874  
