  2.645751   -1.511858    0.377964    0.000000    0.000000    0.000000    0.000000    0.000000    0.000000    0.000000  
  0.000000    2.171241   -1.579084    0.460566    0.000000    0.000000    0.000000    0.000000    0.000000    0.000000  
  0.000000    0.000000    2.088932   -1.566699    0.478714    0.000000    0.000000    0.000000    0.000000    0.000000  
  0.000000    0.000000    0.000000    2.081666   -1.561249    0.480384    0.000000    0.000000    0.000000    0.000000  
  0.000000    0.000000    0.000000    0.000000    2.081666   -1.561249    0.480384    0.000000    0.000000    0.000000  
  0.000000    0.000000    0.000000    0.000000    0.000000    2.081281   -1.561538    0.480473    0.000000    0.000000  
  0.000000    0.000000    0.000000    0.000000    0.000000    0.000000    2.081064   -1.561568    0.480523    0.000000  
  0.000000    0.000000    0.000000    0.000000    0.000000    0.000000    0.000000    2.081022   -1.561555    0.480533  
  0.000000    0.000000    0.000000    0.000000    0.000000    0.000000    0.000000    0.000000    2.081020   -1.561552  
  0.000000    0.000000    0.000000    0.000000    0.000000    0.000000    0.000000    0.000000    0.000000    2.081019  
