  1.000012
  1.000035
  1.000070
  1.000116
  1.000172
  1.000240
  1.000318
  1.000408
  1.000508
  1.000619
  1.000741
  1.000875
  1.001020
  1.001176
  1.001342
  1.001517
  1.001700
  1.001891
  1.002087
  1.002289
  1.002494
  1.002703
  1.002913
  1.003123
  1.003331
  1.003536
  1.003736
  1.003930
  1.004115
  1.004291
  1.004457
  1.004611
  1.004754
  1.004886
  1.005005
  1.005111
  1.005205
  1.005285
  1.005353
  1.005408
  1.005450
  1.005479
  1.005495
  1.005497
  1.005485
  1.005458
  1.005416
  1.005360
  1.005290
  1.005204
  1.005105
  1.004993
  1.004868
  1.004733
  1.004589
  1.004437
  1.004279
  1.004117
  1.003951
  1.003782
  1.003611
  1.003437
  1.003261
  1.003081
  1.002898
  1.002713
  1.002524
  1.002335
  1.002144
  1.001954
  1.001765
  1.001577
  1.001393
  1.001215
  1.001042
  1.000878
  1.000724
  1.000580
  1.000448
  1.000327
  1.000220
  1.000127
  1.000047
  0.999981
  0.999929
  0.999889
  0.999860
  0.999842
  0.999833
  0.999832
  0.999839
  0.999851
  0.999868
  0.999887
  0.999908
  0.999930
  0.999950
  0.999968
  0.999983
  0.999994
