  0.999871
  0.999615
  0.999232
  0.998726
  0.998096
  0.997344
  0.996473
  0.995484
  0.994378
  0.993158
  0.991825
  0.990380
  0.988827
  0.987165
  0.985395
  0.983519
  0.981538
  0.979450
  0.977259
  0.974963
  0.972564
  0.970062
  0.967458
  0.964751
  0.961941
  0.959030
  0.956017
  0.952902
  0.949684
  0.946365
  0.942945
  0.939426
  0.935808
  0.932092
  0.928280
  0.924373
  0.920372
  0.916279
  0.912096
  0.907824
  0.903465
  0.899019
  0.894489
  0.889876
  0.885180
  0.880404
  0.875548
  0.870615
  0.865605
  0.860521
  0.855365
  0.850139
  0.844845
  0.839487
  0.834066
  0.828586
  0.823051
  0.817462
  0.811822
  0.806134
  0.800398
  0.794618
  0.788795
  0.782929
  0.777022
  0.771077
  0.765095
  0.759079
  0.753031
  0.746953
  0.740847
  0.734716
  0.728563
  0.722391
  0.716202
  0.709999
  0.703785
  0.697562
  0.691333
  0.685100
  0.678865
  0.672631
  0.666399
  0.660171
  0.653948
  0.647732
  0.641524
  0.635324
  0.629134
  0.622956
  0.616788
  0.610634
  0.604493
  0.598366
  0.592255
  0.586160
  0.580081
  0.574021
  0.567980
  0.561959
  0.555959
  0.549981
  0.544027
  0.538097
  0.532192
  0.526313
  0.520460
  0.514634
  0.508836
  0.503067
  0.497328
  0.491619
  0.485941
  0.480295
  0.474682
  0.469102
  0.463557
  0.458046
  0.452571
  0.447133
  0.441732
  0.436369
  0.431045
  0.425760
  0.420516
  0.415313
  0.410153
  0.405036
  0.399963
  0.394934
  0.389951
  0.385013
  0.380122
  0.375278
  0.370481
  0.365732
  0.361031
  0.356378
  0.351774
  0.347218
  0.342711
  0.338254
  0.333846
  0.329488
  0.325180
  0.320921
  0.316712
  0.312554
  0.308445
  0.304387
  0.300379
  0.296421
  0.292514
  0.288657
  0.284850
  0.281094
  0.277388
  0.273733
  0.270128
  0.266574
  0.263070
  0.259617
  0.256215
  0.252863
  0.249562
  0.246312
  0.243113
  0.239965
  0.236869
  0.233823
  0.230829
  0.227886
  0.224995
  0.222156
  0.219368
  0.216633
  0.213949
  0.211318
  0.208740
  0.206214
  0.203740
  0.201320
  0.198952
  0.196638
  0.194377
  0.192171
  0.190018
  0.187919
  0.185875
  0.183885
  0.181949
  0.180069
  0.178243
  0.176473
  0.174758
  0.173098
  0.171494
  0.169946
  0.168455
  0.167019
  0.165640
  0.164318
  0.163053
  0.161845
  0.160695
  0.159602
  0.158567
  0.157590
  0.156672
  0.155811
  0.155009
  0.154264
  0.153579
  0.152951
  0.152381
  0.151870
  0.151417
  0.151021
  0.150684
  0.150404
  0.150182
  0.150017
  0.149909
  0.149858
  0.149863
  0.149924
  0.150040
  0.150212
  0.150438
  0.150718
  0.151053
  0.151441
  0.151882
  0.152375
  0.152921
  0.153518
  0.154168
  0.154868
  0.155618
  0.156419
  0.157270
  0.158170
  0.159120
  0.160119
  0.161166
  0.162262
  0.163406
  0.164598
  0.165838
  0.167125
  0.168459
  0.169840
  0.171267
  0.172739
  0.174258
  0.175821
  0.177430
  0.179083
  0.180782
  0.182525
  0.184312
  0.186144
  0.188020
  0.189939
  0.191903
  0.193909
  0.195959
  0.198052
  0.200188
  0.202367
  0.204587
  0.206850
  0.209154
  0.211499
  0.213885
  0.216312
  0.218779
  0.221285
  0.223831
  0.226416
  0.229040
  0.231702
  0.234402
  0.237140
  0.239914
  0.242726
  0.245574
  0.248457
  0.251377
  0.254331
  0.257320
  0.260344
  0.263401
  0.266492
  0.269616
  0.272772
  0.275962
  0.279185
  0.282441
  0.285730
  0.289052
  0.292406
  0.295794
  0.299214
  0.302667
  0.306153
  0.309671
  0.313223
  0.316806
  0.320422
  0.324071
  0.327751
  0.331463
  0.335207
  0.338982
  0.342788
  0.346624
  0.350491
  0.354387
  0.358312
  0.362265
  0.366246
  0.370254
  0.374289
  0.378350
  0.382437
  0.386550
  0.390687
  0.394848
  0.399033
  0.403241
  0.407471
  0.411722
  0.415995
  0.420287
  0.424598
  0.428929
  0.433278
  0.437644
  0.442027
  0.446426
  0.450839
  0.455266
  0.459704
  0.464153
  0.468611
  0.473078
  0.477550
  0.482029
  0.486511
  0.490996
  0.495483
  0.499969
  0.504455
  0.508938
  0.513418
  0.517893
  0.522363
  0.526826
  0.531283
  0.535732
  0.540174
  0.544606
  0.549029
  0.553443
  0.557847
  0.562240
  0.566623
  0.570993
  0.575351
  0.579696
  0.584027
  0.588344
  0.592645
  0.596931
  0.601201
  0.605455
  0.609692
  0.613912
  0.618116
  0.622303
  0.626473
  0.630626
  0.634762
  0.638881
  0.642984
  0.647071
  0.651142
  0.655198
  0.659239
  0.663266
  0.667280
  0.671282
  0.675272
  0.679251
  0.683220
  0.687181
  0.691132
  0.695076
  0.699012
  0.702940
  0.706862
  0.710778
  0.714687
  0.718590
  0.722487
  0.726377
  0.730262
  0.734141
  0.738016
  0.741886
  0.745752
  0.749613
  0.753469
  0.757322
  0.761171
  0.765017
  0.768860
  0.772699
  0.776535
  0.780369
  0.784200
  0.788028
  0.791853
  0.795676
  0.799496
  0.803315
  0.807131
  0.810945
  0.814758
  0.818568
  0.822377
  0.826184
  0.829988
  0.833789
  0.837587
  0.841379
  0.845166
  0.848946
  0.852718
  0.856482
  0.860235
  0.863979
  0.867710
  0.871430
  0.875134
  0.878824
  0.882496
  0.886150
  0.889782
  0.893390
  0.896972
  0.900526
  0.904049
  0.907539
  0.910994
  0.914412
  0.917791
  0.921129
  0.924424
  0.927674
  0.930876
  0.934028
  0.937128
  0.940175
  0.943165
  0.946098
  0.948972
  0.951785
  0.954535
  0.957222
  0.959843
  0.962397
  0.964882
  0.967296
  0.969638
  0.971907
  0.974102
  0.976220
  0.978261
  0.980222
  0.982102
  0.983897
  0.985605
  0.987223
  0.988748
  0.990178
  0.991512
  0.992748
  0.993886
  0.994924
  0.995863
  0.996703
  0.997446
  0.998093
  0.998643
  0.999100
  0.999462
  0.999733
  0.999911
