  0.999801
  0.999407
  0.998820
  0.998043
  0.997080
  0.995935
  0.994610
  0.993109
  0.991434
  0.989591
  0.987582
  0.985411
  0.983081
  0.980595
  0.977956
  0.975166
  0.972227
  0.969143
  0.965914
  0.962545
  0.959035
  0.955389
  0.951608
  0.947694
  0.943649
  0.939475
  0.935174
  0.930747
  0.926196
  0.921522
  0.916730
  0.911821
  0.906798
  0.901664
  0.896423
  0.891076
  0.885627
  0.880080
  0.874437
  0.868701
  0.862877
  0.856968
  0.850975
  0.844902
  0.838752
  0.832529
  0.826235
  0.819873
  0.813447
  0.806960
  0.800417
  0.793820
  0.787174
  0.780484
  0.773753
  0.766986
  0.760189
  0.753365
  0.746518
  0.739652
  0.732771
  0.725878
  0.718976
  0.712069
  0.705159
  0.698251
  0.691348
  0.684453
  0.677572
  0.670707
  0.663863
  0.657043
  0.650253
  0.643496
  0.636777
  0.630101
  0.623471
  0.616892
  0.610367
  0.603902
  0.597498
  0.591162
  0.584895
  0.578701
  0.572584
  0.566547
  0.560592
  0.554722
  0.548940
  0.543249
  0.537651
  0.532150
  0.526748
  0.521447
  0.516251
  0.511162
  0.506182
  0.501315
  0.496563
  0.491930
  0.487418
  0.483029
  0.478768
  0.474636
  0.470636
  0.466771
  0.463043
  0.459455
  0.456009
  0.452708
  0.449554
  0.446551
  0.443701
  0.441006
  0.438470
  0.436094
  0.433881
  0.431834
  0.429956
  0.428248
  0.426714
  0.425356
  0.424177
  0.423180
  0.422366
  0.421740
  0.421303
  0.421059
  0.421009
  0.421157
  0.421504
  0.422054
  0.422809
  0.423770
  0.424940
  0.426322
  0.427917
  0.429727
  0.431755
  0.434002
  0.436470
  0.439162
  0.442080
  0.445225
  0.448599
  0.452204
  0.456042
  0.460114
  0.464423
  0.468969
  0.473756
  0.478785
  0.484057
  0.489574
  0.495339
  0.501352
  0.507615
  0.514130
  0.520899
  0.527924
  0.535205
  0.542745
  0.550545
  0.558609
  0.566936
  0.575530
  0.584392
  0.593524
  0.602928
  0.612605
  0.622557
  0.632787
  0.643295
  0.654084
  0.665157
  0.676515
  0.688160
  0.700094
  0.712319
  0.724837
  0.737650
  0.750760
  0.764169
  0.777880
  0.791894
  0.806215
  0.820844
  0.835784
  0.851036
  0.866603
  0.882487
  0.898689
  0.915211
  0.932057
  0.949227
  0.966724
  0.984550
  1.002707
  1.021198
  1.040025
  1.059190
  1.078696
  1.098547
  1.118743
  1.139288
  1.160182
  1.181428
  1.203027
  1.224982
  1.247293
  1.269963
  1.292990
  1.316376
  1.340122
  1.364228
  1.388694
  1.413520
  1.438707
  1.464254
  1.490162
  1.516427
  1.543047
  1.570022
  1.597347
  1.625021
  1.653042
  1.681406
  1.710112
  1.739154
  1.768529
  1.798233
  1.828262
  1.858614
  1.889286
  1.920274
  1.951574
  1.983185
  2.015101
  2.047322
  2.079842
  2.112660
  2.145772
  2.179178
  2.212876
  2.246865
  2.281144
  2.315711
  2.350564
  2.385702
  2.421122
  2.456822
  2.492798
  2.529048
  2.565569
  2.602360
  2.639417
  2.676742
  2.714334
  2.752193
  2.790321
  2.828717
  2.867382
  2.906315
  2.945514
  2.984979
  3.024711
  3.064708
  3.104970
  3.145496
  3.186285
  3.227333
  3.268640
  3.310201
  3.352015
  3.394078
  3.436387
  3.478940
  3.521734
  3.564768
  3.608037
  3.651538
  3.695269
  3.739225
  3.783403
  3.827801
  3.872413
  3.917237
  3.962269
  4.007505
  4.052942
  4.098575
  4.144400
  4.190415
  4.236617
  4.283001
  4.329570
  4.376326
  4.423271
  4.470408
  4.517739
  4.565266
  4.612990
  4.660916
  4.709044
  4.757376
  4.805915
  4.854664
  4.903624
  4.952797
  5.002184
  5.051785
  5.101600
  5.151627
  5.201864
  5.252311
  5.302967
  5.353827
  5.404886
  5.456137
  5.507574
  5.559192
  5.610984
  5.662945
  5.715070
  5.767355
  5.819796
  5.872388
  5.925126
  5.978001
  6.031007
  6.084137
  6.137383
  6.190738
  6.244192
  6.297737
  6.351365
  6.405071
  6.458851
  6.512695
  6.566594
  6.620531
  6.674492
  6.728463
  6.782426
  6.836366
  6.890263
  6.944098
  6.997856
  7.051520
  7.105075
  7.158502
  7.211784
  7.264904
  7.317848
  7.370597
  7.423136
  7.475454
  7.527540
  7.579385
  7.630979
  7.682316
  7.733390
  7.784194
  7.834722
  7.884969
  7.934932
  7.984605
  8.033983
  8.083057
  8.131820
  8.180262
  8.228374
  8.276150
  8.323583
  8.370668
  8.417403
  8.463783
  8.509808
  8.555475
  8.600785
  8.645739
  8.690336
  8.734578
  8.778465
  8.822004
  8.865200
  8.908060
  8.950589
  8.992796
  9.034690
  9.076282
  9.117585
  9.158614
  9.199381
  9.239898
  9.280175
  9.320226
  9.360062
  9.399691
  9.439122
  9.478365
  9.517424
  9.556303
  9.595006
  9.633534
  9.671892
  9.710085
  9.748118
  9.786001
  9.823738
  9.861337
  9.898799
  9.936128
  9.973327
 10.010404
 10.047365
 10.084214
 10.120954
 10.157587
 10.194119
 10.230555
 10.266894
 10.303142
 10.339298
 10.375370
 10.411361
 10.447272
 10.483111
 10.518882
 10.554585
 10.590222
 10.625793
 10.661296
 10.696733
 10.732097
 10.767379
 10.802567
 10.837652
 10.872623
 10.907473
 10.942186
 10.976756
 11.011169
 11.045414
 11.079479
 11.113349
 11.147007
 11.180437
 11.213616
 11.246517
 11.279107
 11.311356
 11.343238
 11.374723
 11.405790
 11.436415
 11.466572
 11.496238
 11.525389
 11.553998
 11.582040
 11.609489
 11.636318
 11.662500
 11.688010
 11.712829
 11.736934
 11.760305
 11.782928
 11.804784
 11.825853
 11.846114
 11.865546
 11.884131
 11.901854
 11.918695
 11.934640
 11.949675
 11.963781
 11.976938
 11.989121
 12.000308
 12.010468
 12.019567
 12.027572
 12.034449
 12.040174
 12.044724
 12.048085
 12.050247
 12.051206
 12.050962
 12.049525
 12.046906
 12.043117
 12.038172
 12.032081
 12.024858
 12.016516
 12.007070
 11.996536
 11.984933
 11.972273
 11.958567
 11.943825
 11.928058
 11.911277
 11.893492
 11.874716
 11.854962
 11.834241
 11.812558
 11.789917
 11.766317
 11.741757
 11.716237
 11.689755
 11.662314
 11.633914
 11.604550
 11.574218
 11.542908
 11.510613
 11.477326
 11.443034
 11.407727
 11.371394
 11.334033
 11.295646
 11.256240
 11.215827
 11.174419
 11.132031
 11.088683
 11.044393
 10.999182
 10.953070
 10.906078
 10.858228
 10.809538
 10.760029
 10.709719
 10.658628
 10.606778
 10.554190
 10.500886
 10.446891
 10.392233
 10.336934
 10.281016
 10.224495
 10.167380
 10.109677
 10.051387
  9.992504
  9.933023
  9.872945
  9.812271
  9.751007
  9.689157
  9.626732
  9.563744
  9.500211
  9.436152
  9.371580
  9.306508
  9.240942
  9.174889
  9.108354
  9.041340
  8.973850
  8.905887
  8.837454
  8.768562
  8.699222
  8.629444
  8.559240
  8.488622
  8.417601
  8.346184
  8.274380
  8.202195
  8.129636
  8.056704
  7.983402
  7.909738
  7.835720
  7.761359
  7.686670
  7.611665
  7.536352
  7.460740
  7.384838
  7.308654
  7.232197
  7.155479
  7.078513
  7.001308
  6.923872
  6.846210
  6.768334
  6.690255
  6.611983
  6.533534
  6.454921
  6.376159
  6.297260
  6.218240
  6.139112
  6.059891
  5.980584
  5.901203
  5.821759
  5.742262
  5.662723
  5.583153
  5.503561
  5.423958
  5.344355
  5.264761
  5.185188
  5.105652
  5.026168
  4.946756
  4.867435
  4.788226
  4.709150
  4.630228
  4.551484
  4.472944
  4.394636
  4.316586
  4.238822
  4.161376
  4.084274
  4.007548
  3.931225
  3.855332
  3.779896
  3.704943
  3.630499
  3.556589
  3.483241
  3.410480
  3.338336
  3.266834
  3.196003
  3.125870
  3.056462
  2.987803
  2.919919
  2.852834
  2.786574
  2.721163
  2.656623
  2.592978
  2.530250
  2.468462
  2.407636
  2.347793
  2.288955
  2.231145
  2.174383
  2.118692
  2.064093
  2.010608
  1.958261
  1.907072
  1.857063
  1.808257
  1.760676
  1.714339
  1.669269
  1.625486
  1.583009
  1.541860
  1.502057
  1.463621
  1.426570
  1.390924
  1.356700
  1.323918
  1.292596
  1.262752
  1.234406
  1.207577
  1.182283
  1.158543
  1.136378
  1.115806
  1.096846
  1.079517
  1.063836
  1.049824
  1.037499
  1.026878
  1.017981
  1.010826
  1.005432
  1.001817
