  0.997988
  0.994011
  0.988117
  0.980355
  0.970771
  0.959414
  0.946331
  0.931570
  0.915180
  0.897207
  0.877702
  0.856710
  0.834281
  0.810462
  0.785300
  0.758843
  0.731137
  0.702229
  0.672167
  0.640997
  0.608767
  0.575524
  0.541314
  0.506184
  0.470181
  0.433352
  0.395744
  0.357402
  0.318374
  0.278707
  0.238448
  0.197643
  0.156340
  0.114586
  0.072427
  0.029912
 -0.012914
 -0.056002
 -0.099306
 -0.142779
 -0.186373
 -0.230041
 -0.273737
 -0.317413
 -0.361022
 -0.404517
 -0.447850
 -0.490976
 -0.533846
 -0.576413
 -0.618632
 -0.660455
 -0.701837
 -0.742730
 -0.783089
 -0.822867
 -0.862019
 -0.900498
 -0.938258
 -0.975251
 -1.011431
 -1.046750
 -1.081161
 -1.114615
 -1.147064
 -1.178463
 -1.208763
 -1.237919
 -1.265884
 -1.292611
 -1.318053
 -1.342165
 -1.364900
 -1.386215
 -1.406062
 -1.424396
 -1.441170
 -1.456340
 -1.469858
 -1.481677
 -1.491752
 -1.500034
 -1.506477
 -1.511033
 -1.513652
 -1.514285
 -1.512884
 -1.509398
 -1.503780
 -1.495978
 -1.485944
 -1.473627
 -1.458978
 -1.441946
 -1.422482
 -1.400536
 -1.376057
 -1.348997
 -1.319306
 -1.286935
 -1.251834
 -1.213953
 -1.173244
 -1.129657
 -1.083141
 -1.033646
 -0.981122
 -0.925520
 -0.866788
 -0.804877
 -0.739737
 -0.671317
 -0.599569
 -0.524441
 -0.445885
 -0.363849
 -0.278284
 -0.189139
 -0.096365
  0.000089
  0.100273
  0.204236
  0.312029
  0.423703
  0.539306
  0.658889
  0.782503
  0.910197
  1.042021
  1.178025
  1.318259
  1.462771
  1.611613
  1.764832
  1.922477
  2.084597
  2.251240
  2.422453
  2.598284
  2.778782
  2.963996
  3.153974
  3.348763
  3.548411
  3.752963
  3.962464
  4.176961
  4.396501
  4.621131
  4.850897
  5.085846
  5.326024
  5.571474
  5.822242
  6.078373
  6.339917
  6.606916
  6.879416
  7.157459
  7.441090
  7.730353
  8.025296
  8.325969
  8.632418
  8.944691
  9.262836
  9.586901
  9.916930
 10.252970
 10.595066
 10.943266
 11.297616
 11.658167
 12.024970
 12.398076
 12.777536
 13.163399
 13.555711
 13.954522
 14.359881
 14.771841
 15.190454
 15.615771
 16.047850
 16.486744
 16.932510
 17.385204
 17.844877
 18.311581
 18.785364
 19.266277
 19.754370
 20.249695
 20.752306
 21.262251
 21.779581
 22.304348
 22.836605
 23.376410
 23.923824
 24.478912
 25.041740
 25.612370
 26.190857
 26.777250
 27.371592
 27.973928
 28.584305
 29.202765
 29.829346
 30.464067
 31.106956
 31.758028
 32.417294
 33.084763
 33.760441
 34.444344
 35.136475
 35.836830
 36.545387
 37.262108
 37.986942
 38.719841
 39.460747
 40.209606
 40.966358
 41.730938
 42.503265
 43.283257
 44.070805
 44.865822
 45.668236
 46.477970
 47.294941
 48.119072
 48.950275
 49.788494
 50.633648
 51.485657
 52.344437
 53.209934
 54.082088
 54.960861
 55.846222
 56.738148
 57.636612
 58.541573
 59.452995
 60.370831
 61.295017
 62.225498
 63.162209
 64.105087
 65.054062
 66.009087
 66.970116
 67.937149
 68.910187
 69.889259
 70.874382
 71.865578
 72.862831
 73.866135
 74.875458
 75.890808
 76.912170
 77.939537
 78.972908
 80.012276
 81.057587
 82.108788
 83.165817
 84.228592
 85.297058
 86.371147
 87.450798
 88.535950
 89.626549
 90.722527
 91.823807
 92.930305
 94.041946
 95.158646
 96.280319
 97.406876
 98.538239
 99.674316
100.815025
101.960266
103.109955
104.263985
105.422272
106.584732
107.751282
108.921875
110.096512
111.275253
112.458183
113.645386
114.836906
116.032814
117.233147
118.437973
119.647354
120.861359
122.080055
123.303490
124.531700
125.764755
127.002686
128.245499
129.493179
130.745682
132.002991
133.265076
134.531921
135.803406
137.079422
138.359802
139.644379
140.933029
142.225586
143.521927
144.821915
146.125458
147.432449
148.742767
150.056290
151.372818
152.692184
154.014221
155.338730
156.665527
157.994400
159.325119
160.657486
161.991409
163.326721
164.663223
166.000656
167.338654
168.676819
170.014755
171.352097
172.688385
174.023178
175.356018
176.686462
178.014160
179.338669
180.659531
181.976318
183.288666
184.596130
185.898285
187.194763
188.485275
189.769562
191.047379
192.318527
193.582825
194.840088
196.090164
197.332932
198.568253
199.796021
201.016129
202.228439
203.432724
204.628784
205.816406
206.995377
208.165482
209.326614
210.478653
211.621490
212.755051
213.879333
214.994278
216.099854
217.196091
218.283005
219.360626
220.429001
221.488266
222.538574
223.580093
224.612961
225.637375
226.653564
227.661804
228.662460
229.655853
230.642319
231.622162
232.595688
233.563217
234.524979
235.481186
236.432053
237.377808
238.318573
239.254501
240.185699
241.112198
242.034103
242.951523
243.864609
244.773544
245.678543
246.579727
247.477158
248.370941
249.261124
250.147934
251.031509
251.911957
252.789368
253.663834
254.535461
255.404358
256.270569
257.134186
257.995270
258.853943
259.710358
260.564545
261.416656
262.266754
263.114899
263.961090
264.805328
265.647614
266.487976
267.326294
268.162323
268.995758
269.826355
270.653839
271.478027
272.298645
273.115387
273.928009
274.736206
275.539673
276.338013
277.130859
277.917816
278.698303
279.471619
280.237000
280.993713
281.741119
282.478455
283.205139
283.920624
284.624298
285.315552
285.993774
286.658386
287.308716
287.944092
288.563843
289.167328
289.753937
290.323181
290.874481
291.407379
291.921417
292.416260
292.891388
293.346252
293.780365
294.193268
294.584534
294.953766
295.300537
295.624481
295.925140
296.202057
296.454620
296.682220
296.884125
297.059509
297.207550
297.327454
297.418610
297.480438
297.512543
297.514709
297.486847
297.428986
297.341278
297.224060
297.077667
296.902344
296.698395
296.466125
296.205902
295.918121
295.603149
295.261383
294.893188
294.498810
294.078461
293.632446
293.161041
292.664490
292.143158
291.597321
291.027222
290.433044
289.814819
289.172577
288.506287
287.815979
287.101593
286.363098
285.600555
284.813873
284.002899
283.167419
282.307220
281.422119
280.511841
279.576141
278.614807
277.627747
276.614960
275.576660
274.513153
273.424713
272.311707
271.174591
270.013855
268.830017
267.623535
266.394928
265.144714
263.873383
262.581451
261.269379
259.937653
258.586731
257.217163
255.829483
254.424301
253.002289
251.564026
250.109970
248.640564
247.156067
245.656631
244.142227
242.612762
241.068115
239.508286
237.933319
236.343307
234.738403
233.118835
231.484924
229.837097
228.175842
226.501480
224.814255
223.114365
221.401993
219.677246
217.940216
216.190964
214.429565
212.656128
210.870880
209.074097
207.266037
205.447021
203.617294
201.777145
199.926758
198.066330
196.196014
194.315948
192.426208
190.526901
188.618149
186.700165
184.773254
182.837769
180.893967
178.942078
176.982330
175.014938
173.040085
171.057983
169.068939
167.073273
165.071213
163.062927
161.048599
159.028458
157.002777
154.971863
152.936020
150.895599
148.850937
146.802368
144.750229
142.694885
140.636658
138.575775
136.512482
134.447052
132.379730
130.310806
128.240524
126.169113
124.096840
122.023964
119.950745
117.877464
115.804474
113.732185
111.661041
109.591507
107.524063
105.459206
103.397453
101.339348
 99.285477
 97.236481
 95.193024
 93.155762
 91.125366
 89.102509
 87.087883
 85.082130
 83.085884
 81.099785
 79.124428
 77.160431
 75.208397
 73.268936
 71.342682
 69.430283
 67.532387
 65.649635
 63.782650
 61.932045
 60.098427
 58.282387
 56.484516
 54.705395
 52.945587
 51.205650
 49.486145
 47.787613
 46.110580
 44.455582
 42.823143
 41.213783
 39.628033
 38.066418
 36.529465
 35.017708
 33.531681
 32.071907
 30.638920
 29.233253
 27.855438
 26.505999
 25.185452
 23.894308
 22.633070
 21.402250
 20.202349
 19.033865
 17.897293
 16.793123
 15.721839
 14.683924
 13.679856
 12.710122
 11.775202
 10.875583
 10.011753
  9.184198
  8.393408
  7.639872
  6.924078
  6.246513
  5.607661
  5.008007
  4.448035
  3.928230
  3.449077
  3.011061
  2.614665
  2.260374
  1.948674
  1.680049
  1.454983
  1.273960
  1.137465
  1.045984
