  1.224745
  0.547723
  0.316228
  0.207020
  0.146385
  0.109109
  0.084515
  0.067420
  0.055048
  0.045803
  0.038710
  0.033150
  0.028708
  0.025105
  0.022140
  0.019672
  0.017595
  0.015831
  0.014320
  0.013015
  0.011881
  0.010889
  0.010017
  0.009245
  0.008559
  0.007947
  0.007398
  0.006904
  0.006459
  0.006054
  0.005687
  0.005352
  0.005046
  0.004766
  0.004508
  0.004270
  0.004051
  0.003849
  0.003661
  0.003486
  0.003324
  0.003173
  0.003032
  0.002900
  0.002776
  0.002661
  0.002552
  0.002450
  0.002354
  0.002263
  0.002178
  0.002097
  0.002021
  0.001949
  0.001880
  0.001815
  0.001754
  0.001695
  0.001640
  0.001587
  0.001536
  0.001488
  0.001443
  0.001399
  0.001357
  0.001317
  0.001279
  0.001242
  0.001207
  0.001174
  0.001142
  0.001111
  0.001081
  0.001053
  0.001025
  0.000999
  0.000974
  0.000950
  0.000926
  0.000903
  0.000882
  0.000861
  0.000840
  0.000821
  0.000802
  0.000784
  0.000766
  0.000749
  0.000733
  0.000717
  0.000701
  0.000686
  0.000672
  0.000658
  0.000644
  0.000631
  0.000618
  0.000606
 -0.979701
  1.019901
