  1.224745
  0.547722
  0.316228
  0.207020
  0.146385
  0.109109
  0.084516
  0.067420
  0.055048
  0.045803
  0.038711
  0.033150
  0.028709
  0.025105
  0.022140
  0.019672
  0.017595
  0.015831
  0.014319
  0.013014
  0.011880
  0.010888
  0.010015
  0.009243
  0.008557
  0.007945
  0.007396
  0.006902
  0.006456
  0.006052
  0.005685
  0.005350
  0.005043
  0.004763
  0.004505
  0.004268
  0.004049
  0.003846
  0.003658
  0.003484
  0.003322
  0.003171
  0.003030
  0.002898
  0.002775
  0.002660
  0.002551
  0.002449
  0.002353
  0.002263
  0.002178
  0.002097
  0.002021
  0.001949
  0.001881
  0.001817
  0.001755
  0.001697
  0.001642
  0.001589
  0.001539
  0.001491
  0.001446
  0.001403
  0.001361
  0.001321
  0.001283
  0.001247
  0.001212
  0.001179
  0.001147
  0.001116
  0.001087
  0.001059
  0.001032
  0.001006
  0.000980
  0.000956
  0.000933
  0.000911
  0.000889
  0.000868
  0.000848
  0.000829
  0.000810
  0.000792
  0.000775
  0.000758
  0.000741
  0.000726
  0.000710
  0.000695
  0.000681
  0.000667
  0.000653
  0.000640
  0.000627
  0.000615
  0.000603
  0.000591
  0.000579
  0.000568
  0.000557
  0.000547
  0.000536
  0.000526
  0.000517
  0.000507
  0.000498
  0.000489
  0.000480
  0.000471
  0.000463
  0.000455
  0.000447
  0.000439
  0.000431
  0.000424
  0.000417
  0.000409
  0.000402
  0.000396
  0.000389
  0.000383
  0.000376
  0.000370
  0.000364
  0.000358
  0.000352
  0.000346
  0.000341
  0.000335
  0.000330
  0.000325
  0.000320
  0.000315
  0.000310
  0.000305
  0.000300
  0.000295
  0.000291
  0.000286
  0.000282
  0.000278
  0.000273
  0.000269
  0.000265
  0.000261
  0.000257
  0.000253
  0.000249
  0.000246
  0.000242
  0.000238
  0.000235
  0.000231
  0.000228
  0.000224
  0.000221
  0.000217
  0.000214
  0.000211
  0.000208
  0.000205
  0.000202
  0.000199
  0.000196
  0.000193
  0.000190
  0.000187
  0.000184
  0.000181
  0.000178
  0.000176
  0.000173
  0.000170
  0.000168
  0.000165
  0.000163
  0.000160
  0.000158
  0.000156
  0.000153
  0.000151
  0.000149
  0.000146
  0.000144
  0.000142
  0.000140
  0.000138
  0.000136
  0.000134
  0.000132
  0.000130
  0.000128
  0.000126
  0.000124
  0.000122
  0.000120
  0.000118
  0.000117
  0.000115
  0.000113
  0.000112
  0.000110
  0.000108
  0.000107
  0.000105
  0.000103
  0.000102
  0.000100
  0.000099
  0.000097
  0.000096
  0.000095
  0.000093
  0.000092
  0.000090
  0.000089
  0.000088
  0.000086
  0.000085
  0.000084
  0.000083
  0.000081
  0.000080
  0.000079
  0.000078
  0.000076
  0.000075
  0.000074
  0.000073
  0.000072
  0.000071
  0.000069
  0.000068
  0.000067
  0.000066
  0.000065
  0.000064
  0.000063
  0.000062
  0.000061
  0.000059
  0.000058
  0.000057
  0.000056
  0.000055
  0.000054
  0.000053
  0.000052
  0.000051
  0.000050
  0.000049
  0.000048
  0.000047
  0.000046
  0.000045
  0.000045
  0.000044
  0.000043
  0.000042
  0.000041
  0.000040
  0.000039
  0.000038
  0.000038
  0.000037
  0.000036
  0.000035
  0.000034
  0.000033
  0.000033
  0.000032
  0.000031
  0.000030
  0.000030
  0.000029
  0.000028
  0.000027
  0.000027
  0.000026
  0.000025
  0.000025
  0.000024
  0.000023
  0.000023
  0.000022
  0.000022
  0.000021
  0.000020
  0.000020
  0.000019
  0.000018
  0.000018
  0.000017
  0.000017
  0.000016
  0.000016
  0.000015
  0.000015
  0.000014
  0.000014
  0.000013
  0.000013
  0.000012
  0.000012
  0.000011
  0.000011
  0.000010
  0.000010
  0.000009
  0.000009
  0.000009
  0.000008
  0.000008
  0.000007
  0.000007
  0.000006
  0.000006
  0.000006
  0.000005
  0.000005
  0.000005
  0.000004
  0.000004
  0.000004
  0.000003
  0.000003
  0.000003
  0.000002
  0.000002
  0.000002
  0.000001
  0.000001
  0.000001
  0.000000
  0.000000
 -0.000000
 -0.000000
 -0.000001
 -0.000001
 -0.000001
 -0.000001
 -0.000002
 -0.000002
 -0.000002
 -0.000002
 -0.000003
 -0.000003
 -0.000003
 -0.000003
 -0.000004
 -0.000004
 -0.000004
 -0.000004
 -0.000004
 -0.000005
 -0.000005
 -0.000005
 -0.000005
 -0.000005
 -0.000006
 -0.000006
 -0.000006
 -0.000006
 -0.000006
 -0.000006
 -0.000007
 -0.000007
 -0.000007
 -0.000007
 -0.000007
 -0.000007
 -0.000007
 -0.000008
 -0.000008
 -0.000008
 -0.000008
 -0.000008
 -0.000008
 -0.000008
 -0.000008
 -0.000008
 -0.000009
 -0.000009
 -0.000009
 -0.000009
 -0.000009
 -0.000009
 -0.000009
 -0.000009
 -0.000009
 -0.000009
 -0.000010
 -0.000010
 -0.000010
 -0.000010
 -0.000010
 -0.000010
 -0.000010
 -0.000010
 -0.000010
 -0.000010
 -0.000010
 -0.000010
 -0.000010
 -0.000011
 -0.000011
 -0.000011
 -0.000011
 -0.000011
 -0.000011
 -0.000011
 -0.000011
 -0.000011
 -0.000011
 -0.000011
 -0.000011
 -0.000011
 -0.000011
 -0.000011
 -0.000011
 -0.000012
 -0.000012
 -0.000012
 -0.000012
 -0.000012
 -0.000012
 -0.000012
 -0.000012
 -0.000012
 -0.000012
 -0.000012
 -0.000012
 -0.000012
 -0.000012
 -0.000012
 -0.000012
 -0.000012
 -0.000012
 -0.000013
 -0.000013
 -0.000013
 -0.000013
 -0.000013
 -0.000013
 -0.000013
 -0.000013
 -0.000013
 -0.000013
 -0.000013
 -0.000013
 -0.000013
 -0.000013
 -0.000013
 -0.000013
 -0.000013
 -0.000013
 -0.000013
 -0.000013
 -0.000013
 -0.000013
 -0.000013
 -0.000013
 -0.000013
 -0.000013
 -0.000013
 -0.000013
 -0.000013
 -0.000013
 -0.000014
 -0.000014
 -0.000014
 -0.000014
 -0.000014
 -0.000014
 -0.000014
 -0.000014
 -0.000014
 -0.000014
 -0.000014
 -0.000014
 -0.000014
 -0.000013
 -0.000013
 -0.000013
 -0.000013
 -0.000013
 -0.000013
 -0.000013
 -0.000013
 -0.000013
 -0.000013
 -0.000013
 -0.000013
 -0.000013
 -0.000013
 -0.000013
 -0.000013
 -0.000013
 -0.000013
 -0.000013
 -0.000013
 -0.000013
 -0.000013
 -0.000013
 -0.000013
 -0.000013
 -0.000013
 -0.000013
 -0.000013
 -0.000013
 -0.000013
 -0.000013
 -0.000013
 -0.000013
 -0.000013
 -0.000013
 -0.000013
 -0.000013
 -0.000013
 -0.000012
 -0.000012
 -0.000012
 -0.000012
 -0.000012
 -0.000012
 -0.000012
 -0.000012
 -0.000012
 -0.000012
 -0.000012
 -0.000012
 -0.000012
 -0.000012
 -0.000012
 -0.000012
 -0.000012
 -0.000012
 -0.000012
 -0.000012
 -0.000012
 -0.000012
 -0.000012
 -0.000012
 -0.000012
 -0.000012
 -0.000012
 -0.000012
 -0.000012
 -0.000012
 -0.000012
 -0.000012
 -0.000012
 -0.000012
 -0.000012
 -0.000012
 -0.000012
 -0.000012
 -0.000012
 -0.000012
 -0.000012
 -0.000012
 -0.000012
 -0.000012
 -0.000012
 -0.000012
 -0.000012
 -0.000012
 -0.000012
 -0.000012
 -0.000012
 -0.000012
 -0.000012
 -0.000012
 -0.000012
 -0.000012
 -0.000012
 -0.000012
 -0.000012
 -0.000012
 -0.000012
 -0.000012
 -0.000012
 -0.000012
 -0.000013
 -0.000013
 -0.000013
 -0.000013
 -0.000013
 -0.000013
 -0.000013
 -0.000013
 -0.000013
 -0.000013
 -0.000013
 -0.000013
 -0.000013
 -0.000013
 -0.000013
 -0.000013
 -0.000013
 -0.000013
 -0.000013
 -0.000013
 -0.000014
 -0.000014
 -0.000014
 -0.000014
 -0.000014
 -0.000014
 -0.000014
 -0.000014
 -0.000014
 -0.000014
 -0.000014
 -0.000014
 -0.000014
 -0.000015
 -0.000015
 -0.000015
 -0.000015
 -0.000015
 -0.000015
 -0.000015
 -0.000015
 -0.000015
 -0.000015
 -0.000016
 -0.000016
 -0.000016
 -0.000016
 -0.000016
 -0.000016
 -0.000016
 -0.000017
 -0.000017
 -0.000017
 -0.000017
 -0.000017
 -0.000017
 -0.000018
 -0.000018
 -0.000018
 -0.000018
 -0.000019
 -0.000019
 -0.000019
 -0.000019
 -0.000020
 -0.000020
 -0.000020
 -0.000021
 -0.000021
 -0.000021
 -0.000022
 -0.000022
 -0.000022
 -0.000023
 -0.000023
 -0.000024
 -0.000024
 -0.000025
 -0.000025
 -0.000026
 -0.000027
 -0.000027
 -0.000028
 -0.000029
 -0.000029
 -0.000030
 -0.000031
 -0.000032
 -0.000033
 -0.000034
 -0.000035
 -0.000036
 -0.000038
 -0.000039
 -0.000041
 -0.000043
 -0.000044
 -0.000046
 -0.000049
 -0.000051
 -0.000054
 -0.000057
 -0.000060
 -0.000064
 -0.000068
 -0.000073
 -0.000079
 -0.000086
 -0.000094
 -0.000104
 -0.000115
 -0.000130
 -0.000150
 -0.000177
 -0.000214
 -0.000273
 -0.000377
 -0.000615
 -0.002016
      -nan
      -nan
      -nan
      -nan
      -nan
      -nan
      -nan
      -nan
      -nan
      -nan
      -nan
      -nan
      -nan
      -nan
      -nan
      -nan
      -nan
      -nan
      -nan
      -nan
      -nan
      -nan
      -nan
      -nan
      -nan
      -nan
      -nan
      -nan
      -nan
      -nan
      -nan
      -nan
      -nan
      -nan
      -nan
      -nan
      -nan
      -nan
      -nan
      -nan
      -nan
      -nan
      -nan
      -nan
      -nan
      -nan
      -nan
      -nan
      -nan
      -nan
      -nan
      -nan
      -nan
      -nan
      -nan
      -nan
      -nan
      -nan
      -nan
      -nan
      -nan
      -nan
      -nan
      -nan
      -nan
      -nan
      -nan
      -nan
      -nan
      -nan
      -nan
      -nan
      -nan
      -nan
      -nan
      -nan
      -nan
      -nan
      -nan
      -nan
      -nan
      -nan
      -nan
      -nan
      -nan
      -nan
      -nan
      -nan
      -nan
      -nan
      -nan
      -nan
      -nan
      -nan
      -nan
      -nan
      -nan
      -nan
      -nan
      -nan
      -nan
      -nan
      -nan
      -nan
      -nan
      -nan
      -nan
      -nan
      -nan
      -nan
      -nan
      -nan
      -nan
      -nan
      -nan
      -nan
      -nan
      -nan
      -nan
      -nan
      -nan
      -nan
      -nan
      -nan
      -nan
      -nan
      -nan
      -nan
      -nan
      -nan
      -nan
      -nan
      -nan
      -nan
      -nan
      -nan
      -nan
      -nan
      -nan
      -nan
      -nan
      -nan
      -nan
      -nan
      -nan
      -nan
      -nan
      -nan
      -nan
      -nan
      -nan
      -nan
      -nan
      -nan
      -nan
      -nan
      -nan
      -nan
      -nan
      -nan
      -nan
      -nan
      -nan
      -nan
      -nan
      -nan
      -nan
      -nan
      -nan
      -nan
      -nan
      -nan
      -nan
      -nan
      -nan
      -nan
      -nan
      -nan
      -nan
      -nan
      -nan
      -nan
      -nan
      -nan
      -nan
      -nan
      -nan
      -nan
      -nan
      -nan
      -nan
      -nan
      -nan
      -nan
      -nan
      -nan
      -nan
      -nan
      -nan
      -nan
      -nan
      -nan
      -nan
      -nan
      -nan
      -nan
      -nan
      -nan
      -nan
      -nan
      -nan
      -nan
      -nan
      -nan
      -nan
      -nan
      -nan
      -nan
      -nan
      -nan
      -nan
      -nan
      -nan
      -nan
      -nan
      -nan
      -nan
      -nan
      -nan
      -nan
      -nan
      -nan
      -nan
      -nan
      -nan
      -nan
      -nan
      -nan
      -nan
      -nan
      -nan
      -nan
      -nan
      -nan
      -nan
      -nan
      -nan
      -nan
      -nan
      -nan
      -nan
      -nan
      -nan
      -nan
      -nan
      -nan
      -nan
      -nan
      -nan
      -nan
      -nan
      -nan
      -nan
      -nan
      -nan
      -nan
      -nan
      -nan
      -nan
      -nan
      -nan
      -nan
      -nan
      -nan
      -nan
      -nan
      -nan
      -nan
      -nan
      -nan
      -nan
      -nan
      -nan
      -nan
      -nan
      -nan
      -nan
      -nan
      -nan
      -nan
      -nan
      -nan
      -nan
      -nan
      -nan
