  1.511858
  1.052723
  1.000947
  1.000801
  1.000801
  1.000216
  1.000020
  1.000000
  1.000001
  1.000001
  1.000000
  1.000000
  1.000000
  1.000000
  1.000000
  1.000000
  1.000000
  1.000000
  1.000000
  1.000000
  1.000000
  1.000000
  1.000000
  1.000000
  1.000000
  1.000000
  1.000000
  1.000000
  1.000000
  1.000000
  1.000000
  1.000000
  1.000000
  1.000000
  1.000000
  1.000000
  1.000000
  1.000000
  1.000000
  1.000000
  1.000000
  1.000000
  1.000000
  1.000000
  1.000000
  1.000000
  1.000000
  1.000000
  1.000000
  1.000000
  1.000000
  1.000000
  1.000000
  1.000000
  1.000000
  1.000000
  1.000000
  1.000000
  1.000000
  1.000000
  1.000000
  1.000000
  1.000000
  1.000000
  1.000000
  1.000000
  1.000000
  1.000000
  1.000000
  1.000000
  1.000000
  1.000000
  1.000000
  1.000000
  1.000000
  1.000000
  1.000000
  1.000000
  1.000000
  1.000000
  1.000000
  1.000000
  1.000000
  1.000000
  1.000000
  1.000000
  1.000000
  1.000000
  1.000000
  1.000000
  1.000000
  1.000000
  1.000000
  1.000000
  1.000000
  1.000000
  1.000000
  1.000000
  0.519466
  2.081019
