  0.9904
  0.9722
  0.9463
  0.9136
  0.8749
  0.8313
  0.7835
  0.7325
  0.6790
  0.6238
  0.5678
  0.5115
  0.4557
  0.4009
  0.3477
  0.2965
  0.2479
  0.2021
  0.1594
  0.1201
  0.0842
  0.0520
  0.0235
 -0.0014
 -0.0227
 -0.0405
 -0.0549
 -0.0662
 -0.0745
 -0.0800
 -0.0830
 -0.0837
 -0.0825
 -0.0796
 -0.0753
 -0.0697
 -0.0633
 -0.0562
 -0.0488
 -0.0411
 -0.0335
 -0.0260
 -0.0190
 -0.0125
 -0.0067
 -0.0017
  0.0024
  0.0056
  0.0078
  0.0088
  0.0088
  0.0078
  0.0056
  0.0025
 -0.0017
 -0.0067
 -0.0125
 -0.0190
 -0.0261
 -0.0335
 -0.0411
 -0.0488
 -0.0563
 -0.0633
 -0.0697
 -0.0752
 -0.0796
 -0.0825
 -0.0837
 -0.0830
 -0.0800
 -0.0745
 -0.0662
 -0.0549
 -0.0405
 -0.0227
 -0.0014
  0.0235
  0.0520
  0.0842
  0.1200
  0.1594
  0.2021
  0.2479
  0.2965
  0.3477
  0.4009
  0.4557
  0.5115
  0.5678
  0.6238
  0.6790
  0.7325
  0.7835
  0.8313
  0.8749
  0.9136
  0.9463
  0.9722
  0.9904
