  0.9980
  0.9941
  0.9884
  0.9809
  0.9717
  0.9609
  0.9487
  0.9349
  0.9198
  0.9033
  0.8856
  0.8667
  0.8467
  0.8258
  0.8040
  0.7812
  0.7577
  0.7335
  0.7086
  0.6830
  0.6570
  0.6307
  0.6039
  0.5769
  0.5497
  0.5223
  0.4947
  0.4671
  0.4396
  0.4122
  0.3849
  0.3579
  0.3313
  0.3049
  0.2789
  0.2533
  0.2282
  0.2037
  0.1797
  0.1565
  0.1339
  0.1120
  0.0909
  0.0706
  0.0511
  0.0325
  0.0148
 -0.0021
 -0.0180
 -0.0329
 -0.0468
 -0.0597
 -0.0717
 -0.0827
 -0.0927
 -0.1016
 -0.1096
 -0.1165
 -0.1225
 -0.1275
 -0.1315
 -0.1346
 -0.1368
 -0.1381
 -0.1385
 -0.1381
 -0.1368
 -0.1349
 -0.1322
 -0.1288
 -0.1248
 -0.1202
 -0.1150
 -0.1093
 -0.1032
 -0.0967
 -0.0899
 -0.0828
 -0.0755
 -0.0680
 -0.0603
 -0.0526
 -0.0448
 -0.0371
 -0.0295
 -0.0220
 -0.0148
 -0.0078
 -0.0010
  0.0055
  0.0116
  0.0173
  0.0226
  0.0274
  0.0317
  0.0356
  0.0389
  0.0418
  0.0441
  0.0458
  0.0471
  0.0478
  0.0480
  0.0477
  0.0469
  0.0456
  0.0439
  0.0419
  0.0395
  0.0367
  0.0336
  0.0303
  0.0268
  0.0231
  0.0193
  0.0154
  0.0115
  0.0077
  0.0039
  0.0002
 -0.0034
 -0.0068
 -0.0099
 -0.0127
 -0.0153
 -0.0175
 -0.0194
 -0.0210
 -0.0222
 -0.0231
 -0.0236
 -0.0236
 -0.0233
 -0.0227
 -0.0218
 -0.0205
 -0.0191
 -0.0173
 -0.0152
 -0.0131
 -0.0108
 -0.0084
 -0.0060
 -0.0035
 -0.0011
  0.0013
  0.0035
  0.0056
  0.0075
  0.0092
  0.0107
  0.0119
  0.0129
  0.0136
  0.0139
  0.0140
  0.0138
  0.0133
  0.0126
  0.0116
  0.0104
  0.0091
  0.0076
  0.0060
  0.0042
  0.0025
  0.0007
 -0.0010
 -0.0026
 -0.0040
 -0.0054
 -0.0066
 -0.0076
 -0.0084
 -0.0090
 -0.0093
 -0.0093
 -0.0091
 -0.0087
 -0.0081
 -0.0072
 -0.0063
 -0.0052
 -0.0040
 -0.0027
 -0.0014
 -0.0000
  0.0013
  0.0025
  0.0035
  0.0045
  0.0053
  0.0060
  0.0064
  0.0066
  0.0066
  0.0064
  0.0060
  0.0055
  0.0048
  0.0040
  0.0030
  0.0020
  0.0009
 -0.0002
 -0.0012
 -0.0022
 -0.0030
 -0.0037
 -0.0042
 -0.0046
 -0.0049
 -0.0050
 -0.0049
 -0.0046
 -0.0041
 -0.0035
 -0.0027
 -0.0019
 -0.0011
 -0.0002
  0.0006
  0.0014
  0.0021
  0.0028
  0.0033
  0.0037
  0.0039
  0.0039
  0.0038
  0.0035
  0.0031
  0.0025
  0.0018
  0.0011
  0.0004
 -0.0002
 -0.0009
 -0.0016
 -0.0022
 -0.0026
 -0.0030
 -0.0032
 -0.0032
 -0.0030
 -0.0027
 -0.0023
 -0.0018
 -0.0012
 -0.0007
 -0.0001
  0.0005
  0.0011
  0.0017
  0.0022
  0.0025
  0.0026
  0.0026
  0.0024
  0.0022
  0.0019
  0.0015
  0.0010
  0.0004
 -0.0002
 -0.0007
 -0.0012
 -0.0016
 -0.0019
 -0.0021
 -0.0022
 -0.0021
 -0.0019
 -0.0017
 -0.0013
 -0.0008
 -0.0003
  0.0002
  0.0006
  0.0011
  0.0014
  0.0016
  0.0018
  0.0019
  0.0018
  0.0016
  0.0013
  0.0010
  0.0005
  0.0000
 -0.0004
 -0.0008
 -0.0011
 -0.0014
 -0.0015
 -0.0016
 -0.0015
 -0.0014
 -0.0012
 -0.0008
 -0.0005
 -0.0001
  0.0004
  0.0008
  0.0011
  0.0013
  0.0014
  0.0014
  0.0012
  0.0011
  0.0009
  0.0006
  0.0003
 -0.0001
 -0.0005
 -0.0008
 -0.0011
 -0.0012
 -0.0013
 -0.0012
 -0.0010
 -0.0008
 -0.0006
 -0.0002
  0.0001
  0.0004
  0.0007
  0.0009
  0.0011
  0.0011
  0.0011
  0.0010
  0.0008
  0.0005
  0.0001
 -0.0002
 -0.0005
 -0.0007
 -0.0009
 -0.0009
 -0.0009
 -0.0009
 -0.0008
 -0.0006
 -0.0003
 -0.0000
  0.0003
  0.0005
  0.0008
  0.0009
  0.0009
  0.0009
  0.0007
  0.0005
  0.0003
  0.0000
 -0.0002
 -0.0005
 -0.0006
 -0.0007
 -0.0008
 -0.0008
 -0.0007
 -0.0005
 -0.0003
  0.0000
  0.0003
  0.0005
  0.0006
  0.0007
  0.0007
  0.0007
  0.0006
  0.0004
  0.0002
 -0.0001
 -0.0003
 -0.0005
 -0.0006
 -0.0007
 -0.0007
 -0.0006
 -0.0005
 -0.0003
 -0.0000
  0.0002
  0.0004
  0.0005
  0.0006
  0.0006
  0.0006
  0.0005
  0.0003
  0.0001
 -0.0001
 -0.0003
 -0.0005
 -0.0006
 -0.0006
 -0.0006
 -0.0005
 -0.0003
 -0.0001
  0.0001
  0.0003
  0.0004
  0.0005
  0.0006
  0.0005
  0.0004
  0.0003
  0.0001
 -0.0001
 -0.0002
 -0.0004
 -0.0005
 -0.0006
 -0.0005
 -0.0004
 -0.0002
 -0.0000
  0.0001
  0.0003
  0.0004
  0.0005
  0.0005
  0.0004
  0.0003
  0.0002
  0.0000
 -0.0001
 -0.0003
 -0.0004
 -0.0005
 -0.0005
 -0.0004
 -0.0002
 -0.0001
  0.0001
  0.0002
  0.0004
  0.0004
  0.0004
  0.0004
  0.0003
  0.0002
  0.0000
 -0.0001
 -0.0002
 -0.0004
 -0.0005
 -0.0005
 -0.0004
 -0.0002
 -0.0000
  0.0001
  0.0002
  0.0003
  0.0004
  0.0004
  0.0004
  0.0003
  0.0001
 -0.0001
 -0.0002
 -0.0003
 -0.0004
 -0.0004
 -0.0003
 -0.0003
 -0.0002
 -0.0000
  0.0001
  0.0003
  0.0004
  0.0004
  0.0004
  0.0003
  0.0002
  0.0000
 -0.0001
 -0.0002
 -0.0003
 -0.0004
 -0.0004
 -0.0003
 -0.0002
 -0.0000
  0.0001
  0.0002
  0.0003
  0.0004
  0.0004
  0.0003
  0.0002
  0.0000
 -0.0001
 -0.0002
 -0.0003
 -0.0003
 -0.0004
 -0.0004
 -0.0002
 -0.0001
  0.0001
  0.0002
  0.0003
  0.0004
  0.0004
  0.0003
  0.0002
  0.0001
 -0.0000
 -0.0002
 -0.0003
 -0.0003
 -0.0004
 -0.0004
 -0.0003
 -0.0001
  0.0000
  0.0002
  0.0003
  0.0004
  0.0004
  0.0004
  0.0003
  0.0001
 -0.0000
 -0.0002
 -0.0003
 -0.0003
 -0.0004
 -0.0004
 -0.0003
 -0.0002
 -0.0000
  0.0002
  0.0003
  0.0003
  0.0004
  0.0004
  0.0003
  0.0003
  0.0001
 -0.0001
 -0.0002
 -0.0004
 -0.0004
 -0.0004
 -0.0004
 -0.0003
 -0.0002
  0.0000
  0.0002
  0.0003
  0.0004
  0.0004
  0.0004
  0.0003
  0.0002
  0.0001
 -0.0001
 -0.0002
 -0.0004
 -0.0005
 -0.0005
 -0.0005
 -0.0003
 -0.0001
  0.0001
  0.0002
  0.0003
  0.0004
  0.0005
  0.0005
  0.0004
  0.0003
  0.0001
 -0.0000
 -0.0002
 -0.0004
 -0.0005
 -0.0006
 -0.0005
 -0.0004
 -0.0002
 -0.0000
  0.0001
  0.0003
  0.0004
  0.0005
  0.0006
  0.0005
  0.0004
  0.0002
  0.0001
 -0.0001
 -0.0003
 -0.0004
 -0.0006
 -0.0006
 -0.0006
 -0.0005
 -0.0003
 -0.0001
  0.0002
  0.0003
  0.0004
  0.0005
  0.0006
  0.0006
  0.0006
  0.0004
  0.0002
 -0.0001
 -0.0003
 -0.0005
 -0.0006
 -0.0007
 -0.0007
 -0.0006
 -0.0005
 -0.0002
 -0.0000
  0.0002
  0.0004
  0.0006
  0.0007
  0.0007
  0.0007
  0.0006
  0.0005
  0.0003
 -0.0000
 -0.0003
 -0.0005
 -0.0007
 -0.0008
 -0.0008
 -0.0008
 -0.0006
 -0.0005
 -0.0002
  0.0000
  0.0003
  0.0005
  0.0007
  0.0009
  0.0009
  0.0009
  0.0008
  0.0005
  0.0003
 -0.0000
 -0.0003
 -0.0005
 -0.0008
 -0.0009
 -0.0010
 -0.0010
 -0.0009
 -0.0007
 -0.0004
 -0.0001
  0.0001
  0.0004
  0.0007
  0.0010
  0.0011
  0.0011
  0.0011
  0.0009
  0.0007
  0.0004
  0.0001
 -0.0002
 -0.0005
 -0.0008
 -0.0011
 -0.0012
 -0.0012
 -0.0012
 -0.0010
 -0.0008
 -0.0005
 -0.0001
  0.0003
  0.0006
  0.0009
  0.0011
  0.0013
  0.0014
  0.0014
  0.0013
  0.0011
  0.0007
  0.0003
 -0.0001
 -0.0005
 -0.0008
 -0.0011
 -0.0013
 -0.0015
 -0.0016
 -0.0016
 -0.0015
 -0.0012
 -0.0008
 -0.0003
  0.0001
  0.0006
  0.0010
  0.0013
  0.0016
  0.0017
  0.0018
  0.0018
  0.0017
  0.0014
  0.0011
  0.0006
  0.0002
 -0.0003
 -0.0008
 -0.0013
 -0.0017
 -0.0020
 -0.0021
 -0.0021
 -0.0020
 -0.0018
 -0.0016
 -0.0013
 -0.0008
 -0.0003
  0.0004
  0.0010
  0.0016
  0.0020
  0.0022
  0.0024
  0.0025
  0.0025
  0.0024
  0.0021
  0.0017
  0.0012
  0.0006
 -0.0000
 -0.0007
 -0.0013
 -0.0019
 -0.0023
 -0.0027
 -0.0030
 -0.0031
 -0.0031
 -0.0029
 -0.0026
 -0.0022
 -0.0016
 -0.0010
 -0.0003
  0.0004
  0.0012
  0.0019
  0.0026
  0.0031
  0.0035
  0.0037
  0.0039
  0.0038
  0.0037
  0.0033
  0.0028
  0.0022
  0.0015
  0.0006
 -0.0002
 -0.0011
 -0.0020
 -0.0028
 -0.0035
 -0.0041
 -0.0045
 -0.0048
 -0.0050
 -0.0049
 -0.0047
 -0.0043
 -0.0038
 -0.0030
 -0.0022
 -0.0012
 -0.0001
  0.0009
  0.0020
  0.0030
  0.0039
  0.0047
  0.0054
  0.0060
  0.0064
  0.0066
  0.0066
  0.0064
  0.0060
  0.0053
  0.0045
  0.0035
  0.0024
  0.0012
 -0.0000
 -0.0014
 -0.0027
 -0.0039
 -0.0052
 -0.0063
 -0.0073
 -0.0081
 -0.0087
 -0.0091
 -0.0093
 -0.0092
 -0.0089
 -0.0083
 -0.0076
 -0.0066
 -0.0054
 -0.0041
 -0.0026
 -0.0010
  0.0008
  0.0026
  0.0043
  0.0060
  0.0075
  0.0090
  0.0104
  0.0116
  0.0126
  0.0133
  0.0138
  0.0140
  0.0139
  0.0136
  0.0129
  0.0119
  0.0107
  0.0092
  0.0075
  0.0056
  0.0036
  0.0013
 -0.0011
 -0.0035
 -0.0060
 -0.0085
 -0.0109
 -0.0131
 -0.0152
 -0.0172
 -0.0190
 -0.0205
 -0.0218
 -0.0228
 -0.0234
 -0.0237
 -0.0236
 -0.0231
 -0.0222
 -0.0209
 -0.0194
 -0.0175
 -0.0154
 -0.0129
 -0.0100
 -0.0068
 -0.0034
  0.0003
  0.0040
  0.0077
  0.0115
  0.0153
  0.0191
  0.0230
  0.0267
  0.0304
  0.0338
  0.0368
  0.0395
  0.0419
  0.0439
  0.0455
  0.0468
  0.0476
  0.0480
  0.0479
  0.0472
  0.0459
  0.0441
  0.0417
  0.0388
  0.0355
  0.0317
  0.0274
  0.0227
  0.0174
  0.0116
  0.0055
 -0.0010
 -0.0078
 -0.0149
 -0.0221
 -0.0295
 -0.0371
 -0.0447
 -0.0525
 -0.0602
 -0.0680
 -0.0756
 -0.0829
 -0.0900
 -0.0967
 -0.1032
 -0.1092
 -0.1149
 -0.1201
 -0.1248
 -0.1289
 -0.1323
 -0.1350
 -0.1369
 -0.1380
 -0.1384
 -0.1380
 -0.1367
 -0.1346
 -0.1316
 -0.1276
 -0.1226
 -0.1166
 -0.1095
 -0.1015
 -0.0925
 -0.0826
 -0.0717
 -0.0598
 -0.0469
 -0.0330
 -0.0180
 -0.0020
  0.0148
  0.0326
  0.0512
  0.0707
  0.0909
  0.1119
  0.1338
  0.1564
  0.1797
  0.2037
  0.2283
  0.2534
  0.2789
  0.3048
  0.3311
  0.3578
  0.3848
  0.4122
  0.4397
  0.4673
  0.4948
  0.5223
  0.5496
  0.5768
  0.6038
  0.6306
  0.6570
  0.6831
  0.7086
  0.7336
  0.7578
  0.7812
  0.8039
  0.8257
  0.8467
  0.8666
  0.8855
  0.9033
  0.9198
  0.9350
  0.9487
  0.9610
  0.9717
  0.9808
  0.9883
  0.9941
  0.9980
