  0.9987
  0.9963
  0.9926
  0.9879
  0.9820
  0.9750
  0.9671
  0.9581
  0.9482
  0.9374
  0.9257
  0.9131
  0.8998
  0.8857
  0.8708
  0.8553
  0.8391
  0.8223
  0.8049
  0.7870
  0.7686
  0.7497
  0.7303
  0.7106
  0.6905
  0.6701
  0.6494
  0.6284
  0.6072
  0.5858
  0.5643
  0.5426
  0.5209
  0.4991
  0.4772
  0.4554
  0.4336
  0.4119
  0.3903
  0.3689
  0.3476
  0.3265
  0.3056
  0.2849
  0.2645
  0.2444
  0.2247
  0.2053
  0.1862
  0.1676
  0.1494
  0.1316
  0.1142
  0.0974
  0.0810
  0.0652
  0.0499
  0.0351
  0.0208
  0.0072
 -0.0059
 -0.0184
 -0.0302
 -0.0415
 -0.0522
 -0.0622
 -0.0716
 -0.0804
 -0.0886
 -0.0961
 -0.1030
 -0.1092
 -0.1148
 -0.1199
 -0.1243
 -0.1280
 -0.1312
 -0.1338
 -0.1358
 -0.1373
 -0.1382
 -0.1385
 -0.1383
 -0.1376
 -0.1365
 -0.1348
 -0.1327
 -0.1302
 -0.1272
 -0.1239
 -0.1202
 -0.1161
 -0.1117
 -0.1071
 -0.1022
 -0.0970
 -0.0916
 -0.0860
 -0.0803
 -0.0744
 -0.0685
 -0.0624
 -0.0563
 -0.0502
 -0.0441
 -0.0380
 -0.0319
 -0.0260
 -0.0201
 -0.0144
 -0.0088
 -0.0033
  0.0019
  0.0069
  0.0117
  0.0163
  0.0205
  0.0245
  0.0283
  0.0317
  0.0348
  0.0376
  0.0400
  0.0422
  0.0440
  0.0454
  0.0466
  0.0474
  0.0478
  0.0480
  0.0478
  0.0474
  0.0466
  0.0455
  0.0442
  0.0427
  0.0408
  0.0388
  0.0366
  0.0342
  0.0316
  0.0289
  0.0260
  0.0231
  0.0201
  0.0170
  0.0140
  0.0109
  0.0078
  0.0048
  0.0018
 -0.0011
 -0.0038
 -0.0065
 -0.0090
 -0.0113
 -0.0135
 -0.0155
 -0.0173
 -0.0189
 -0.0202
 -0.0214
 -0.0223
 -0.0230
 -0.0234
 -0.0236
 -0.0236
 -0.0233
 -0.0229
 -0.0222
 -0.0213
 -0.0203
 -0.0191
 -0.0177
 -0.0162
 -0.0145
 -0.0128
 -0.0110
 -0.0091
 -0.0072
 -0.0052
 -0.0033
 -0.0014
  0.0005
  0.0023
  0.0041
  0.0057
  0.0073
  0.0087
  0.0099
  0.0110
  0.0120
  0.0127
  0.0133
  0.0137
  0.0140
  0.0140
  0.0139
  0.0136
  0.0131
  0.0125
  0.0117
  0.0108
  0.0097
  0.0086
  0.0074
  0.0061
  0.0047
  0.0034
  0.0020
  0.0006
 -0.0007
 -0.0020
 -0.0033
 -0.0044
 -0.0055
 -0.0064
 -0.0072
 -0.0079
 -0.0085
 -0.0089
 -0.0092
 -0.0093
 -0.0092
 -0.0090
 -0.0087
 -0.0083
 -0.0077
 -0.0070
 -0.0062
 -0.0053
 -0.0043
 -0.0033
 -0.0023
 -0.0012
 -0.0002
  0.0008
  0.0018
  0.0028
  0.0036
  0.0044
  0.0051
  0.0056
  0.0061
  0.0064
  0.0066
  0.0066
  0.0066
  0.0064
  0.0060
  0.0056
  0.0051
  0.0045
  0.0038
  0.0030
  0.0022
  0.0014
  0.0005
 -0.0003
 -0.0011
 -0.0019
 -0.0026
 -0.0032
 -0.0038
 -0.0042
 -0.0046
 -0.0048
 -0.0050
 -0.0050
 -0.0049
 -0.0047
 -0.0044
 -0.0040
 -0.0035
 -0.0029
 -0.0023
 -0.0016
 -0.0010
 -0.0003
  0.0004
  0.0011
  0.0017
  0.0023
  0.0028
  0.0032
  0.0035
  0.0037
  0.0039
  0.0039
  0.0038
  0.0036
  0.0034
  0.0030
  0.0026
  0.0021
  0.0016
  0.0010
  0.0004
 -0.0002
 -0.0007
 -0.0013
 -0.0018
 -0.0022
 -0.0026
 -0.0028
 -0.0030
 -0.0031
 -0.0031
 -0.0030
 -0.0029
 -0.0026
 -0.0023
 -0.0019
 -0.0014
 -0.0009
 -0.0004
  0.0001
  0.0006
  0.0010
  0.0015
  0.0018
  0.0021
  0.0024
  0.0025
  0.0026
  0.0026
  0.0025
  0.0023
  0.0020
  0.0017
  0.0013
  0.0009
  0.0005
  0.0000
 -0.0004
 -0.0008
 -0.0012
 -0.0015
 -0.0018
 -0.0020
 -0.0021
 -0.0022
 -0.0021
 -0.0020
 -0.0018
 -0.0016
 -0.0013
 -0.0009
 -0.0006
 -0.0002
  0.0002
  0.0006
  0.0009
  0.0013
  0.0015
  0.0017
  0.0018
  0.0019
  0.0018
  0.0017
  0.0015
  0.0013
  0.0010
  0.0007
  0.0004
  0.0000
 -0.0003
 -0.0007
 -0.0010
 -0.0012
 -0.0014
 -0.0015
 -0.0016
 -0.0016
 -0.0015
 -0.0014
 -0.0012
 -0.0009
 -0.0006
 -0.0003
 -0.0000
  0.0003
  0.0006
  0.0009
  0.0011
  0.0013
  0.0014
  0.0014
  0.0014
  0.0013
  0.0011
  0.0009
  0.0007
  0.0004
  0.0001
 -0.0002
 -0.0004
 -0.0007
 -0.0009
 -0.0011
 -0.0012
 -0.0012
 -0.0012
 -0.0011
 -0.0010
 -0.0008
 -0.0006
 -0.0004
 -0.0001
  0.0002
  0.0004
  0.0007
  0.0008
  0.0010
  0.0011
  0.0011
  0.0011
  0.0010
  0.0008
  0.0007
  0.0004
  0.0002
 -0.0001
 -0.0003
 -0.0005
 -0.0007
 -0.0008
 -0.0009
 -0.0010
 -0.0010
 -0.0009
 -0.0008
 -0.0006
 -0.0004
 -0.0002
  0.0000
  0.0003
  0.0005
  0.0006
  0.0008
  0.0009
  0.0009
  0.0009
  0.0008
  0.0007
  0.0005
  0.0003
  0.0001
 -0.0001
 -0.0003
 -0.0005
 -0.0006
 -0.0007
 -0.0008
 -0.0008
 -0.0007
 -0.0006
 -0.0005
 -0.0003
 -0.0001
  0.0001
  0.0002
  0.0004
  0.0006
  0.0007
  0.0007
  0.0007
  0.0007
  0.0006
  0.0005
  0.0003
  0.0001
 -0.0001
 -0.0002
 -0.0004
 -0.0005
 -0.0006
 -0.0007
 -0.0007
 -0.0006
 -0.0005
 -0.0004
 -0.0002
 -0.0001
  0.0001
  0.0003
  0.0004
  0.0005
  0.0006
  0.0006
  0.0006
  0.0005
  0.0004
  0.0003
  0.0001
 -0.0000
 -0.0002
 -0.0003
 -0.0005
 -0.0005
 -0.0006
 -0.0006
 -0.0005
 -0.0004
 -0.0003
 -0.0001
  0.0000
  0.0002
  0.0003
  0.0004
  0.0005
  0.0005
  0.0005
  0.0005
  0.0004
  0.0003
  0.0001
 -0.0000
 -0.0002
 -0.0003
 -0.0004
 -0.0005
 -0.0005
 -0.0005
 -0.0004
 -0.0003
 -0.0002
 -0.0001
  0.0001
  0.0002
  0.0003
  0.0004
  0.0005
  0.0005
  0.0004
  0.0003
  0.0002
  0.0001
 -0.0000
 -0.0002
 -0.0003
 -0.0004
 -0.0004
 -0.0004
 -0.0004
 -0.0003
 -0.0003
 -0.0001
 -0.0000
  0.0001
  0.0002
  0.0003
  0.0004
  0.0004
  0.0004
  0.0003
  0.0002
  0.0001
  0.0000
 -0.0001
 -0.0002
 -0.0003
 -0.0004
 -0.0004
 -0.0004
 -0.0003
 -0.0002
 -0.0001
  0.0000
  0.0001
  0.0002
  0.0003
  0.0003
  0.0004
  0.0003
  0.0003
  0.0002
  0.0001
 -0.0000
 -0.0001
 -0.0002
 -0.0003
 -0.0003
 -0.0003
 -0.0003
 -0.0002
 -0.0001
 -0.0000
  0.0001
  0.0002
  0.0003
  0.0003
  0.0003
  0.0003
  0.0002
  0.0002
  0.0001
 -0.0000
 -0.0001
 -0.0002
 -0.0003
 -0.0003
 -0.0003
 -0.0002
 -0.0002
 -0.0001
  0.0000
  0.0001
  0.0002
  0.0003
  0.0003
  0.0003
  0.0002
  0.0002
  0.0001
 -0.0000
 -0.0001
 -0.0002
 -0.0002
 -0.0003
 -0.0003
 -0.0002
 -0.0002
 -0.0001
  0.0000
  0.0001
  0.0002
  0.0002
  0.0003
  0.0002
  0.0002
  0.0001
  0.0000
 -0.0000
 -0.0001
 -0.0002
 -0.0002
 -0.0002
 -0.0002
 -0.0002
 -0.0001
 -0.0000
  0.0001
  0.0001
  0.0002
  0.0002
  0.0002
  0.0002
  0.0001
  0.0001
 -0.0000
 -0.0001
 -0.0002
 -0.0002
 -0.0002
 -0.0002
 -0.0002
 -0.0001
 -0.0000
  0.0001
  0.0001
  0.0002
  0.0002
  0.0002
  0.0002
  0.0001
  0.0000
 -0.0000
 -0.0001
 -0.0002
 -0.0002
 -0.0002
 -0.0002
 -0.0001
 -0.0001
  0.0000
  0.0001
  0.0001
  0.0002
  0.0002
  0.0002
  0.0001
  0.0001
 -0.0000
 -0.0001
 -0.0001
 -0.0002
 -0.0002
 -0.0002
 -0.0001
 -0.0001
  0.0000
  0.0001
  0.0001
  0.0002
  0.0002
  0.0002
  0.0001
  0.0001
 -0.0000
 -0.0001
 -0.0001
 -0.0002
 -0.0002
 -0.0001
 -0.0001
 -0.0000
  0.0000
  0.0001
  0.0001
  0.0002
  0.0002
  0.0001
  0.0001
  0.0000
 -0.0000
 -0.0001
 -0.0001
 -0.0002
 -0.0001
 -0.0001
 -0.0001
 -0.0000
  0.0001
  0.0001
  0.0001
  0.0002
  0.0001
  0.0001
  0.0000
 -0.0000
 -0.0001
 -0.0001
 -0.0001
 -0.0001
 -0.0001
 -0.0001
 -0.0000
  0.0001
  0.0001
  0.0001
  0.0001
  0.0001
  0.0001
  0.0000
 -0.0000
 -0.0001
 -0.0001
 -0.0001
 -0.0001
 -0.0001
 -0.0000
  0.0000
  0.0001
  0.0001
  0.0001
  0.0001
  0.0001
  0.0001
  0.0000
 -0.0001
 -0.0001
 -0.0001
 -0.0001
 -0.0001
 -0.0001
 -0.0000
  0.0000
  0.0001
  0.0001
  0.0001
  0.0001
  0.0001
  0.0000
 -0.0000
 -0.0001
 -0.0001
 -0.0001
 -0.0001
 -0.0001
 -0.0000
  0.0000
  0.0001
  0.0001
  0.0001
  0.0001
  0.0001
  0.0000
 -0.0000
 -0.0001
 -0.0001
 -0.0001
 -0.0001
 -0.0001
 -0.0000
  0.0000
  0.0001
  0.0001
  0.0001
  0.0001
  0.0001
  0.0000
 -0.0000
 -0.0001
 -0.0001
 -0.0001
 -0.0001
 -0.0000
  0.0000
  0.0001
  0.0001
  0.0001
  0.0001
  0.0001
  0.0000
 -0.0000
 -0.0001
 -0.0001
 -0.0001
 -0.0001
 -0.0001
 -0.0000
  0.0000
  0.0001
  0.0001
  0.0001
  0.0001
  0.0000
 -0.0000
 -0.0000
 -0.0001
 -0.0001
 -0.0001
 -0.0001
 -0.0000
  0.0000
  0.0001
  0.0001
  0.0001
  0.0001
  0.0000
 -0.0000
 -0.0000
 -0.0001
 -0.0001
 -0.0001
 -0.0001
 -0.0000
  0.0000
  0.0001
  0.0001
  0.0001
  0.0001
  0.0000
 -0.0000
 -0.0000
 -0.0001
 -0.0001
 -0.0001
 -0.0000
 -0.0000
  0.0000
  0.0001
  0.0001
  0.0001
  0.0001
  0.0000
 -0.0000
 -0.0001
 -0.0001
 -0.0001
 -0.0001
 -0.0000
  0.0000
  0.0001
  0.0001
  0.0001
  0.0001
  0.0000
 -0.0000
 -0.0000
 -0.0001
 -0.0001
 -0.0001
 -0.0000
  0.0000
  0.0000
  0.0001
  0.0001
  0.0001
  0.0000
  0.0000
 -0.0000
 -0.0001
 -0.0001
 -0.0001
 -0.0000
 -0.0000
  0.0000
  0.0001
  0.0001
  0.0001
  0.0000
  0.0000
 -0.0000
 -0.0001
 -0.0001
 -0.0001
 -0.0000
 -0.0000
  0.0000
  0.0001
  0.0001
  0.0001
  0.0000
 -0.0000
 -0.0000
 -0.0001
 -0.0001
 -0.0001
 -0.0000
  0.0000
  0.0000
  0.0001
  0.0001
  0.0001
  0.0000
 -0.0000
 -0.0000
 -0.0001
 -0.0001
 -0.0000
 -0.0000
  0.0000
  0.0000
  0.0001
  0.0001
  0.0000
  0.0000
 -0.0000
 -0.0000
 -0.0001
 -0.0001
 -0.0000
  0.0000
  0.0000
  0.0001
  0.0001
  0.0000
  0.0000
 -0.0000
 -0.0000
 -0.0001
 -0.0001
 -0.0000
 -0.0000
  0.0000
  0.0000
  0.0001
  0.0000
  0.0000
 -0.0000
 -0.0000
 -0.0001
 -0.0001
 -0.0000
 -0.0000
  0.0000
  0.0000
  0.0001
  0.0000
  0.0000
  0.0000
 -0.0000
 -0.0000
 -0.0001
 -0.0000
 -0.0000
  0.0000
  0.0000
  0.0001
  0.0000
  0.0000
  0.0000
 -0.0000
 -0.0000
 -0.0000
 -0.0000
 -0.0000
  0.0000
  0.0000
  0.0000
  0.0000
  0.0000
 -0.0000
 -0.0000
 -0.0000
 -0.0000
 -0.0000
 -0.0000
  0.0000
  0.0000
  0.0000
  0.0000
  0.0000
 -0.0000
 -0.0000
 -0.0000
 -0.0000
 -0.0000
  0.0000
  0.0000
  0.0000
  0.0000
  0.0000
  0.0000
 -0.0000
 -0.0000
 -0.0000
 -0.0000
 -0.0000
  0.0000
  0.0000
  0.0000
  0.0000
  0.0000
 -0.0000
 -0.0000
 -0.0000
 -0.0000
 -0.0000
  0.0000
  0.0000
  0.0000
  0.0000
  0.0000
 -0.0000
 -0.0000
 -0.0000
 -0.0000
 -0.0000
 -0.0000
  0.0000
  0.0000
  0.0000
  0.0000
  0.0000
 -0.0000
 -0.0000
 -0.0000
 -0.0000
 -0.0000
  0.0000
  0.0000
  0.0000
  0.0000
  0.0000
 -0.0000
 -0.0000
 -0.0000
 -0.0000
 -0.0000
  0.0000
  0.0000
  0.0000
  0.0000
  0.0000
 -0.0000
 -0.0000
 -0.0000
 -0.0000
 -0.0000
  0.0000
  0.0000
  0.0000
  0.0000
  0.0000
 -0.0000
 -0.0000
 -0.0000
 -0.0000
 -0.0000
  0.0000
  0.0000
  0.0000
  0.0000
  0.0000
 -0.0000
 -0.0000
 -0.0000
 -0.0000
  0.0000
  0.0000
  0.0000
  0.0000
  0.0000
 -0.0000
 -0.0000
 -0.0000
 -0.0000
 -0.0000
  0.0000
  0.0000
  0.0000
  0.0000
  0.0000
 -0.0000
 -0.0000
 -0.0000
 -0.0000
 -0.0000
  0.0000
  0.0000
  0.0000
  0.0000
 -0.0000
 -0.0000
 -0.0000
 -0.0000
 -0.0000
  0.0000
  0.0000
  0.0000
  0.0000
  0.0000
 -0.0000
 -0.0000
 -0.0000
 -0.0000
  0.0000
  0.0000
  0.0000
  0.0000
  0.0000
 -0.0000
 -0.0000
 -0.0000
 -0.0000
 -0.0000
  0.0000
  0.0000
  0.0000
  0.0000
 -0.0000
 -0.0000
 -0.0000
 -0.0000
 -0.0000
  0.0000
  0.0000
  0.0000
  0.0000
 -0.0000
 -0.0000
 -0.0000
 -0.0000
 -0.0000
  0.0000
  0.0000
  0.0000
  0.0000
  0.0000
 -0.0000
 -0.0000
 -0.0000
 -0.0000
  0.0000
  0.0000
  0.0000
  0.0000
  0.0000
 -0.0000
 -0.0000
 -0.0000
 -0.0000
  0.0000
  0.0000
  0.0000
  0.0000
 -0.0000
 -0.0000
 -0.0000
 -0.0000
 -0.0000
  0.0000
  0.0000
  0.0000
  0.0000
 -0.0000
 -0.0000
 -0.0000
 -0.0000
 -0.0000
  0.0000
  0.0000
  0.0000
  0.0000
 -0.0000
 -0.0000
 -0.0000
 -0.0000
  0.0000
  0.0000
  0.0000
  0.0000
  0.0000
 -0.0000
 -0.0000
 -0.0000
 -0.0000
  0.0000
  0.0000
  0.0000
  0.0000
 -0.0000
 -0.0000
 -0.0000
 -0.0000
 -0.0000
  0.0000
  0.0000
  0.0000
  0.0000
 -0.0000
 -0.0000
 -0.0000
 -0.0000
  0.0000
  0.0000
  0.0000
  0.0000
 -0.0000
 -0.0000
 -0.0000
 -0.0000
 -0.0000
  0.0000
  0.0000
  0.0000
  0.0000
 -0.0000
 -0.0000
 -0.0000
 -0.0000
  0.0000
  0.0000
  0.0000
  0.0000
 -0.0000
 -0.0000
 -0.0000
 -0.0000
  0.0000
  0.0000
  0.0000
  0.0000
 -0.0000
 -0.0000
 -0.0000
 -0.0000
  0.0000
  0.0000
  0.0000
  0.0000
  0.0000
 -0.0000
 -0.0000
 -0.0000
 -0.0000
  0.0000
  0.0000
  0.0000
  0.0000
 -0.0000
 -0.0000
 -0.0000
 -0.0000
  0.0000
  0.0000
  0.0000
  0.0000
 -0.0000
 -0.0000
 -0.0000
 -0.0000
  0.0000
  0.0000
  0.0000
  0.0000
 -0.0000
 -0.0000
 -0.0000
 -0.0000
  0.0000
  0.0000
  0.0000
  0.0000
 -0.0000
 -0.0000
 -0.0000
 -0.0000
  0.0000
  0.0000
  0.0000
  0.0000
 -0.0000
 -0.0000
 -0.0000
 -0.0000
  0.0000
  0.0000
  0.0000
 -0.0000
 -0.0000
 -0.0000
 -0.0000
  0.0000
  0.0000
  0.0000
  0.0000
 -0.0000
 -0.0000
 -0.0000
 -0.0000
  0.0000
  0.0000
  0.0000
  0.0000
 -0.0000
 -0.0000
 -0.0000
 -0.0000
  0.0000
  0.0000
  0.0000
  0.0000
 -0.0000
 -0.0000
 -0.0000
  0.0000
  0.0000
  0.0000
  0.0000
 -0.0000
 -0.0000
 -0.0000
 -0.0000
  0.0000
  0.0000
  0.0000
  0.0000
 -0.0000
 -0.0000
 -0.0000
 -0.0000
  0.0000
  0.0000
  0.0000
 -0.0000
 -0.0000
 -0.0000
 -0.0000
  0.0000
  0.0000
  0.0000
  0.0000
 -0.0000
 -0.0000
 -0.0000
 -0.0000
  0.0000
  0.0000
  0.0000
 -0.0000
 -0.0000
 -0.0000
 -0.0000
  0.0000
  0.0000
  0.0000
  0.0000
 -0.0000
 -0.0000
 -0.0000
  0.0000
  0.0000
  0.0000
  0.0000
 -0.0000
 -0.0000
 -0.0000
 -0.0000
  0.0000
  0.0000
  0.0000
 -0.0000
 -0.0000
 -0.0000
 -0.0000
  0.0000
  0.0000
  0.0000
 -0.0000
 -0.0000
 -0.0000
 -0.0000
  0.0000
  0.0000
  0.0000
  0.0000
 -0.0000
 -0.0000
 -0.0000
  0.0000
  0.0000
  0.0000
  0.0000
 -0.0000
 -0.0000
 -0.0000
  0.0000
  0.0000
  0.0000
  0.0000
 -0.0000
 -0.0000
 -0.0000
  0.0000
  0.0000
  0.0000
  0.0000
 -0.0000
 -0.0000
 -0.0000
  0.0000
  0.0000
  0.0000
  0.0000
 -0.0000
 -0.0000
 -0.0000
  0.0000
  0.0000
  0.0000
  0.0000
 -0.0000
 -0.0000
 -0.0000
  0.0000
  0.0000
  0.0000
  0.0000
 -0.0000
 -0.0000
 -0.0000
  0.0000
  0.0000
  0.0000
 -0.0000
 -0.0000
 -0.0000
 -0.0000
  0.0000
  0.0000
  0.0000
 -0.0000
 -0.0000
 -0.0000
 -0.0000
  0.0000
  0.0000
  0.0000
 -0.0000
 -0.0000
 -0.0000
  0.0000
  0.0000
  0.0000
  0.0000
 -0.0000
 -0.0000
 -0.0000
  0.0000
  0.0000
  0.0000
  0.0000
 -0.0000
 -0.0000
 -0.0000
  0.0000
  0.0000
  0.0000
 -0.0000
 -0.0000
 -0.0000
 -0.0000
  0.0000
  0.0000
  0.0000
 -0.0000
 -0.0000
 -0.0000
  0.0000
  0.0000
  0.0000
 -0.0000
 -0.0000
 -0.0000
 -0.0000
  0.0000
  0.0000
  0.0000
 -0.0000
 -0.0000
 -0.0000
  0.0000
  0.0000
  0.0000
 -0.0000
 -0.0000
 -0.0000
 -0.0000
  0.0000
  0.0000
  0.0000
 -0.0000
 -0.0000
 -0.0000
  0.0000
  0.0000
  0.0000
 -0.0000
 -0.0000
 -0.0000
 -0.0000
  0.0000
  0.0000
  0.0000
 -0.0000
 -0.0000
 -0.0000
  0.0000
  0.0000
  0.0000
 -0.0000
 -0.0000
 -0.0000
  0.0000
  0.0000
  0.0000
 -0.0000
 -0.0000
 -0.0000
 -0.0000
  0.0000
  0.0000
  0.0000
 -0.0000
 -0.0000
 -0.0000
  0.0000
  0.0000
  0.0000
 -0.0000
 -0.0000
 -0.0000
  0.0000
  0.0000
  0.0000
 -0.0000
 -0.0000
 -0.0000
  0.0000
  0.0000
  0.0000
 -0.0000
 -0.0000
 -0.0000
 -0.0000
  0.0000
  0.0000
  0.0000
 -0.0000
 -0.0000
 -0.0000
  0.0000
  0.0000
  0.0000
 -0.0000
 -0.0000
 -0.0000
  0.0000
  0.0000
  0.0000
 -0.0000
 -0.0000
 -0.0000
  0.0000
  0.0000
  0.0000
 -0.0000
 -0.0000
 -0.0000
  0.0000
  0.0000
  0.0000
 -0.0000
 -0.0000
 -0.0000
  0.0000
  0.0000
  0.0000
 -0.0000
 -0.0000
 -0.0000
  0.0000
  0.0000
  0.0000
 -0.0000
 -0.0000
 -0.0000
  0.0000
  0.0000
  0.0000
 -0.0000
 -0.0000
 -0.0000
  0.0000
  0.0000
  0.0000
 -0.0000
 -0.0000
 -0.0000
  0.0000
  0.0000
  0.0000
 -0.0000
 -0.0000
 -0.0000
  0.0000
  0.0000
  0.0000
 -0.0000
 -0.0000
  0.0000
  0.0000
  0.0000
 -0.0000
 -0.0000
 -0.0000
  0.0000
  0.0000
  0.0000
 -0.0000
 -0.0000
 -0.0000
  0.0000
  0.0000
  0.0000
 -0.0000
 -0.0000
 -0.0000
  0.0000
  0.0000
  0.0000
 -0.0000
 -0.0000
 -0.0000
  0.0000
  0.0000
 -0.0000
 -0.0000
 -0.0000
  0.0000
  0.0000
  0.0000
 -0.0000
 -0.0000
 -0.0000
  0.0000
  0.0000
  0.0000
 -0.0000
 -0.0000
 -0.0000
  0.0000
  0.0000
 -0.0000
 -0.0000
 -0.0000
  0.0000
  0.0000
  0.0000
 -0.0000
 -0.0000
 -0.0000
  0.0000
  0.0000
  0.0000
 -0.0000
 -0.0000
  0.0000
  0.0000
  0.0000
 -0.0000
 -0.0000
 -0.0000
  0.0000
  0.0000
  0.0000
 -0.0000
 -0.0000
  0.0000
  0.0000
  0.0000
 -0.0000
 -0.0000
 -0.0000
  0.0000
  0.0000
  0.0000
 -0.0000
 -0.0000
  0.0000
  0.0000
  0.0000
 -0.0000
 -0.0000
 -0.0000
  0.0000
  0.0000
  0.0000
 -0.0000
 -0.0000
  0.0000
  0.0000
  0.0000
 -0.0000
 -0.0000
 -0.0000
  0.0000
  0.0000
 -0.0000
 -0.0000
 -0.0000
  0.0000
  0.0000
  0.0000
 -0.0000
 -0.0000
  0.0000
  0.0000
  0.0000
 -0.0000
 -0.0000
 -0.0000
  0.0000
  0.0000
 -0.0000
 -0.0000
 -0.0000
  0.0000
  0.0000
  0.0000
 -0.0000
 -0.0000
  0.0000
  0.0000
  0.0000
 -0.0000
 -0.0000
  0.0000
  0.0000
  0.0000
 -0.0000
 -0.0000
 -0.0000
  0.0000
  0.0000
 -0.0000
 -0.0000
 -0.0000
  0.0000
  0.0000
 -0.0000
 -0.0000
 -0.0000
  0.0000
  0.0000
  0.0000
 -0.0000
 -0.0000
  0.0000
  0.0000
  0.0000
 -0.0000
 -0.0000
  0.0000
  0.0000
  0.0000
 -0.0000
 -0.0000
  0.0000
  0.0000
  0.0000
 -0.0000
 -0.0000
  0.0000
  0.0000
  0.0000
 -0.0000
 -0.0000
 -0.0000
  0.0000
  0.0000
 -0.0000
 -0.0000
 -0.0000
  0.0000
  0.0000
 -0.0000
 -0.0000
 -0.0000
  0.0000
  0.0000
 -0.0000
 -0.0000
 -0.0000
  0.0000
  0.0000
 -0.0000
 -0.0000
 -0.0000
  0.0000
  0.0000
 -0.0000
 -0.0000
 -0.0000
  0.0000
  0.0000
 -0.0000
 -0.0000
  0.0000
  0.0000
  0.0000
 -0.0000
 -0.0000
  0.0000
  0.0000
  0.0000
 -0.0000
 -0.0000
  0.0000
  0.0000
  0.0000
 -0.0000
 -0.0000
  0.0000
  0.0000
  0.0000
 -0.0000
 -0.0000
  0.0000
  0.0000
 -0.0000
 -0.0000
 -0.0000
  0.0000
  0.0000
 -0.0000
 -0.0000
 -0.0000
  0.0000
  0.0000
 -0.0000
 -0.0000
  0.0000
  0.0000
  0.0000
 -0.0000
 -0.0000
  0.0000
  0.0000
  0.0000
 -0.0000
 -0.0000
  0.0000
  0.0000
 -0.0000
 -0.0000
 -0.0000
  0.0000
  0.0000
 -0.0000
 -0.0000
  0.0000
  0.0000
  0.0000
 -0.0000
 -0.0000
  0.0000
  0.0000
 -0.0000
 -0.0000
 -0.0000
  0.0000
  0.0000
 -0.0000
 -0.0000
  0.0000
  0.0000
  0.0000
 -0.0000
 -0.0000
  0.0000
  0.0000
 -0.0000
 -0.0000
 -0.0000
  0.0000
  0.0000
 -0.0000
 -0.0000
  0.0000
  0.0000
  0.0000
 -0.0000
 -0.0000
  0.0000
  0.0000
 -0.0000
 -0.0000
  0.0000
  0.0000
  0.0000
 -0.0000
 -0.0000
  0.0000
  0.0000
 -0.0000
 -0.0000
 -0.0000
  0.0000
  0.0000
 -0.0000
 -0.0000
  0.0000
  0.0000
 -0.0000
 -0.0000
 -0.0000
  0.0000
  0.0000
 -0.0000
 -0.0000
  0.0000
  0.0000
 -0.0000
 -0.0000
  0.0000
  0.0000
  0.0000
 -0.0000
 -0.0000
  0.0000
  0.0000
 -0.0000
 -0.0000
  0.0000
  0.0000
  0.0000
 -0.0000
 -0.0000
  0.0000
  0.0000
 -0.0000
 -0.0000
  0.0000
  0.0000
 -0.0000
 -0.0000
 -0.0000
  0.0000
  0.0000
 -0.0000
 -0.0000
  0.0000
  0.0000
 -0.0000
 -0.0000
  0.0000
  0.0000
 -0.0000
 -0.0000
 -0.0000
  0.0000
  0.0000
 -0.0000
 -0.0000
  0.0000
  0.0000
 -0.0000
 -0.0000
  0.0000
  0.0000
 -0.0000
 -0.0000
  0.0000
  0.0000
  0.0000
 -0.0000
 -0.0000
  0.0000
  0.0000
 -0.0000
 -0.0000
  0.0000
  0.0000
 -0.0000
 -0.0000
  0.0000
  0.0000
 -0.0000
 -0.0000
  0.0000
  0.0000
 -0.0000
 -0.0000
 -0.0000
  0.0000
  0.0000
 -0.0000
 -0.0000
  0.0000
  0.0000
 -0.0000
 -0.0000
  0.0000
  0.0000
 -0.0000
 -0.0000
  0.0000
  0.0000
 -0.0000
 -0.0000
  0.0000
  0.0000
 -0.0000
 -0.0000
  0.0000
  0.0000
 -0.0000
 -0.0000
  0.0000
  0.0000
 -0.0000
 -0.0000
 -0.0000
  0.0000
  0.0000
 -0.0000
 -0.0000
  0.0000
  0.0000
 -0.0000
 -0.0000
  0.0000
  0.0000
 -0.0000
 -0.0000
  0.0000
  0.0000
 -0.0000
 -0.0000
  0.0000
  0.0000
 -0.0000
 -0.0000
  0.0000
  0.0000
 -0.0000
 -0.0000
  0.0000
  0.0000
 -0.0000
 -0.0000
  0.0000
  0.0000
 -0.0000
 -0.0000
  0.0000
  0.0000
 -0.0000
 -0.0000
  0.0000
  0.0000
 -0.0000
 -0.0000
  0.0000
  0.0000
 -0.0000
  0.0000
  0.0000
 -0.0000
 -0.0000
  0.0000
  0.0000
 -0.0000
 -0.0000
  0.0000
  0.0000
 -0.0000
 -0.0000
  0.0000
  0.0000
 -0.0000
 -0.0000
  0.0000
  0.0000
 -0.0000
 -0.0000
  0.0000
  0.0000
 -0.0000
 -0.0000
  0.0000
  0.0000
 -0.0000
 -0.0000
  0.0000
 -0.0000
 -0.0000
  0.0000
  0.0000
 -0.0000
 -0.0000
  0.0000
  0.0000
 -0.0000
 -0.0000
  0.0000
  0.0000
 -0.0000
 -0.0000
  0.0000
  0.0000
 -0.0000
  0.0000
  0.0000
 -0.0000
 -0.0000
  0.0000
  0.0000
 -0.0000
 -0.0000
  0.0000
  0.0000
 -0.0000
 -0.0000
  0.0000
  0.0000
 -0.0000
  0.0000
  0.0000
 -0.0000
 -0.0000
  0.0000
  0.0000
 -0.0000
 -0.0000
  0.0000
  0.0000
 -0.0000
  0.0000
  0.0000
 -0.0000
 -0.0000
  0.0000
  0.0000
 -0.0000
 -0.0000
  0.0000
  0.0000
 -0.0000
  0.0000
  0.0000
 -0.0000
 -0.0000
  0.0000
  0.0000
 -0.0000
 -0.0000
  0.0000
 -0.0000
 -0.0000
  0.0000
  0.0000
 -0.0000
 -0.0000
  0.0000
 -0.0000
 -0.0000
  0.0000
  0.0000
 -0.0000
 -0.0000
  0.0000
  0.0000
 -0.0000
  0.0000
  0.0000
 -0.0000
 -0.0000
  0.0000
  0.0000
 -0.0000
  0.0000
  0.0000
 -0.0000
 -0.0000
  0.0000
  0.0000
 -0.0000
  0.0000
  0.0000
 -0.0000
 -0.0000
  0.0000
  0.0000
 -0.0000
  0.0000
  0.0000
 -0.0000
 -0.0000
  0.0000
 -0.0000
 -0.0000
  0.0000
  0.0000
 -0.0000
 -0.0000
  0.0000
 -0.0000
 -0.0000
  0.0000
  0.0000
 -0.0000
  0.0000
  0.0000
 -0.0000
 -0.0000
  0.0000
  0.0000
 -0.0000
  0.0000
  0.0000
 -0.0000
 -0.0000
  0.0000
 -0.0000
 -0.0000
  0.0000
  0.0000
 -0.0000
  0.0000
  0.0000
 -0.0000
 -0.0000
  0.0000
 -0.0000
 -0.0000
  0.0000
  0.0000
 -0.0000
  0.0000
  0.0000
 -0.0000
 -0.0000
  0.0000
 -0.0000
 -0.0000
  0.0000
 -0.0000
 -0.0000
  0.0000
  0.0000
 -0.0000
  0.0000
  0.0000
 -0.0000
 -0.0000
  0.0000
 -0.0000
 -0.0000
  0.0000
 -0.0000
 -0.0000
  0.0000
  0.0000
 -0.0000
  0.0000
  0.0000
 -0.0000
  0.0000
  0.0000
 -0.0000
 -0.0000
  0.0000
 -0.0000
 -0.0000
  0.0000
 -0.0000
 -0.0000
  0.0000
  0.0000
 -0.0000
  0.0000
  0.0000
 -0.0000
  0.0000
  0.0000
 -0.0000
  0.0000
  0.0000
 -0.0000
 -0.0000
  0.0000
 -0.0000
 -0.0000
  0.0000
 -0.0000
 -0.0000
  0.0000
 -0.0000
 -0.0000
  0.0000
 -0.0000
 -0.0000
  0.0000
 -0.0000
 -0.0000
  0.0000
  0.0000
 -0.0000
  0.0000
  0.0000
 -0.0000
  0.0000
  0.0000
 -0.0000
  0.0000
  0.0000
 -0.0000
  0.0000
  0.0000
 -0.0000
  0.0000
  0.0000
 -0.0000
  0.0000
  0.0000
 -0.0000
  0.0000
  0.0000
 -0.0000
  0.0000
  0.0000
 -0.0000
  0.0000
  0.0000
 -0.0000
  0.0000
  0.0000
 -0.0000
  0.0000
 -0.0000
 -0.0000
  0.0000
 -0.0000
 -0.0000
  0.0000
 -0.0000
 -0.0000
  0.0000
 -0.0000
 -0.0000
  0.0000
 -0.0000
 -0.0000
  0.0000
 -0.0000
  0.0000
  0.0000
 -0.0000
  0.0000
  0.0000
 -0.0000
  0.0000
  0.0000
 -0.0000
  0.0000
 -0.0000
 -0.0000
  0.0000
 -0.0000
 -0.0000
  0.0000
 -0.0000
  0.0000
  0.0000
 -0.0000
  0.0000
  0.0000
 -0.0000
  0.0000
 -0.0000
 -0.0000
  0.0000
 -0.0000
 -0.0000
  0.0000
 -0.0000
  0.0000
  0.0000
 -0.0000
  0.0000
 -0.0000
 -0.0000
  0.0000
 -0.0000
 -0.0000
  0.0000
 -0.0000
  0.0000
  0.0000
 -0.0000
  0.0000
 -0.0000
 -0.0000
  0.0000
 -0.0000
  0.0000
  0.0000
 -0.0000
  0.0000
 -0.0000
 -0.0000
  0.0000
 -0.0000
  0.0000
  0.0000
 -0.0000
  0.0000
 -0.0000
 -0.0000
  0.0000
 -0.0000
  0.0000
  0.0000
 -0.0000
  0.0000
 -0.0000
  0.0000
  0.0000
 -0.0000
  0.0000
 -0.0000
 -0.0000
  0.0000
 -0.0000
  0.0000
 -0.0000
 -0.0000
  0.0000
 -0.0000
  0.0000
  0.0000
 -0.0000
  0.0000
 -0.0000
  0.0000
  0.0000
 -0.0000
  0.0000
 -0.0000
  0.0000
  0.0000
 -0.0000
  0.0000
 -0.0000
  0.0000
 -0.0000
 -0.0000
  0.0000
 -0.0000
  0.0000
 -0.0000
 -0.0000
  0.0000
 -0.0000
  0.0000
 -0.0000
  0.0000
  0.0000
 -0.0000
  0.0000
 -0.0000
  0.0000
 -0.0000
  0.0000
  0.0000
 -0.0000
  0.0000
 -0.0000
  0.0000
 -0.0000
 -0.0000
  0.0000
 -0.0000
  0.0000
 -0.0000
  0.0000
 -0.0000
  0.0000
  0.0000
 -0.0000
  0.0000
 -0.0000
  0.0000
 -0.0000
  0.0000
 -0.0000
  0.0000
 -0.0000
 -0.0000
  0.0000
 -0.0000
  0.0000
 -0.0000
  0.0000
 -0.0000
  0.0000
 -0.0000
  0.0000
 -0.0000
  0.0000
 -0.0000
  0.0000
 -0.0000
  0.0000
 -0.0000
  0.0000
 -0.0000
  0.0000
 -0.0000
  0.0000
 -0.0000
  0.0000
 -0.0000
  0.0000
 -0.0000
  0.0000
 -0.0000
  0.0000
 -0.0000
  0.0000
 -0.0000
  0.0000
 -0.0000
  0.0000
 -0.0000
  0.0000
 -0.0000
  0.0000
 -0.0000
  0.0000
 -0.0000
  0.0000
 -0.0000
  0.0000
 -0.0000
  0.0000
 -0.0000
  0.0000
 -0.0000
  0.0000
 -0.0000
  0.0000
 -0.0000
  0.0000
 -0.0000
  0.0000
 -0.0000
  0.0000
 -0.0000
  0.0000
 -0.0000
  0.0000
 -0.0000
  0.0000
 -0.0000
  0.0000
 -0.0000
  0.0000
 -0.0000
  0.0000
 -0.0000
  0.0000
 -0.0000
  0.0000
 -0.0000
  0.0000
 -0.0000
  0.0000
 -0.0000
  0.0000
 -0.0000
  0.0000
 -0.0000
  0.0000
 -0.0000
  0.0000
 -0.0000
  0.0000
 -0.0000
  0.0000
 -0.0000
  0.0000
 -0.0000
  0.0000
 -0.0000
  0.0000
 -0.0000
  0.0000
 -0.0000
  0.0000
 -0.0000
  0.0000
 -0.0000
  0.0000
 -0.0000
  0.0000
 -0.0000
  0.0000
 -0.0000
  0.0000
 -0.0000
  0.0000
 -0.0000
  0.0000
 -0.0000
  0.0000
 -0.0000
  0.0000
 -0.0000
  0.0000
 -0.0000
  0.0000
 -0.0000
  0.0000
 -0.0000
  0.0000
 -0.0000
  0.0000
 -0.0000
  0.0000
 -0.0000
  0.0000
 -0.0000
  0.0000
 -0.0000
  0.0000
 -0.0000
  0.0000
 -0.0000
  0.0000
 -0.0000
  0.0000
 -0.0000
  0.0000
 -0.0000
  0.0000
 -0.0000
  0.0000
 -0.0000
  0.0000
 -0.0000
  0.0000
 -0.0000
  0.0000
 -0.0000
  0.0000
 -0.0000
  0.0000
 -0.0000
  0.0000
 -0.0000
  0.0000
 -0.0000
  0.0000
 -0.0000
  0.0000
 -0.0000
  0.0000
 -0.0000
  0.0000
 -0.0000
  0.0000
 -0.0000
  0.0000
 -0.0000
  0.0000
 -0.0000
  0.0000
 -0.0000
  0.0000
 -0.0000
  0.0000
 -0.0000
  0.0000
 -0.0000
  0.0000
 -0.0000
  0.0000
 -0.0000
  0.0000
 -0.0000
  0.0000
 -0.0000
  0.0000
 -0.0000
  0.0000
 -0.0000
  0.0000
 -0.0000
  0.0000
 -0.0000
  0.0000
 -0.0000
  0.0000
 -0.0000
  0.0000
 -0.0000
  0.0000
 -0.0000
  0.0000
 -0.0000
  0.0000
 -0.0000
  0.0000
 -0.0000
  0.0000
 -0.0000
  0.0000
 -0.0000
  0.0000
 -0.0000
  0.0000
 -0.0000
  0.0000
 -0.0000
  0.0000
 -0.0000
  0.0000
 -0.0000
  0.0000
 -0.0000
  0.0000
 -0.0000
  0.0000
 -0.0000
  0.0000
 -0.0000
  0.0000
 -0.0000
  0.0000
 -0.0000
  0.0000
 -0.0000
  0.0000
 -0.0000
  0.0000
 -0.0000
  0.0000
 -0.0000
  0.0000
 -0.0000
  0.0000
 -0.0000
  0.0000
 -0.0000
  0.0000
 -0.0000
  0.0000
 -0.0000
  0.0000
 -0.0000
  0.0000
 -0.0000
  0.0000
 -0.0000
  0.0000
 -0.0000
  0.0000
 -0.0000
  0.0000
 -0.0000
  0.0000
 -0.0000
  0.0000
 -0.0000
  0.0000
 -0.0000
  0.0000
 -0.0000
  0.0000
 -0.0000
  0.0000
 -0.0000
  0.0000
 -0.0000
  0.0000
 -0.0000
  0.0000
 -0.0000
  0.0000
 -0.0000
  0.0000
 -0.0000
  0.0000
 -0.0000
  0.0000
 -0.0000
  0.0000
 -0.0000
  0.0000
 -0.0000
  0.0000
 -0.0000
  0.0000
 -0.0000
  0.0000
 -0.0000
  0.0000
 -0.0000
  0.0000
 -0.0000
  0.0000
 -0.0000
  0.0000
 -0.0000
  0.0000
 -0.0000
  0.0000
 -0.0000
  0.0000
 -0.0000
  0.0000
 -0.0000
  0.0000
 -0.0000
  0.0000
 -0.0000
  0.0000
 -0.0000
  0.0000
 -0.0000
  0.0000
 -0.0000
  0.0000
 -0.0000
  0.0000
 -0.0000
  0.0000
 -0.0000
  0.0000
 -0.0000
  0.0000
 -0.0000
  0.0000
 -0.0000
  0.0000
 -0.0000
  0.0000
 -0.0000
  0.0000
 -0.0000
  0.0000
 -0.0000
  0.0000
 -0.0000
  0.0000
 -0.0000
  0.0000
 -0.0000
  0.0000
 -0.0000
  0.0000
 -0.0000
  0.0000
 -0.0000
  0.0000
 -0.0000
  0.0000
 -0.0000
  0.0000
 -0.0000
  0.0000
 -0.0000
  0.0000
 -0.0000
  0.0000
 -0.0000
  0.0000
 -0.0000
  0.0000
 -0.0000
  0.0000
 -0.0000
  0.0000
 -0.0000
  0.0000
 -0.0000
  0.0000
 -0.0000
  0.0000
 -0.0000
  0.0000
 -0.0000
  0.0000
 -0.0000
  0.0000
 -0.0000
  0.0000
 -0.0000
  0.0000
 -0.0000
  0.0000
 -0.0000
  0.0000
 -0.0000
  0.0000
 -0.0000
  0.0000
 -0.0000
  0.0000
 -0.0000
  0.0000
 -0.0000
  0.0000
 -0.0000
  0.0000
 -0.0000
  0.0000
 -0.0000
  0.0000
 -0.0000
  0.0000
 -0.0000
  0.0000
 -0.0000
  0.0000
 -0.0000
  0.0000
 -0.0000
  0.0000
 -0.0000
  0.0000
 -0.0000
  0.0000
 -0.0000
  0.0000
 -0.0000
  0.0000
 -0.0000
  0.0000
 -0.0000
  0.0000
 -0.0000
  0.0000
 -0.0000
  0.0000
 -0.0000
  0.0000
 -0.0000
  0.0000
 -0.0000
  0.0000
 -0.0000
  0.0000
 -0.0000
  0.0000
 -0.0000
  0.0000
 -0.0000
  0.0000
 -0.0000
  0.0000
 -0.0000
  0.0000
 -0.0000
  0.0000
 -0.0000
  0.0000
 -0.0000
  0.0000
 -0.0000
  0.0000
 -0.0000
  0.0000
 -0.0000
  0.0000
 -0.0000
  0.0000
 -0.0000
  0.0000
 -0.0000
  0.0000
 -0.0000
  0.0000
 -0.0000
  0.0000
 -0.0000
  0.0000
 -0.0000
  0.0000
 -0.0000
  0.0000
 -0.0000
  0.0000
 -0.0000
  0.0000
 -0.0000
  0.0000
 -0.0000
  0.0000
 -0.0000
  0.0000
 -0.0000
  0.0000
 -0.0000
  0.0000
 -0.0000
  0.0000
 -0.0000
  0.0000
 -0.0000
  0.0000
 -0.0000
  0.0000
 -0.0000
  0.0000
 -0.0000
  0.0000
 -0.0000
  0.0000
 -0.0000
  0.0000
 -0.0000
  0.0000
 -0.0000
  0.0000
 -0.0000
  0.0000
 -0.0000
  0.0000
 -0.0000
  0.0000
 -0.0000
  0.0000
 -0.0000
  0.0000
 -0.0000
  0.0000
 -0.0000
  0.0000
 -0.0000
  0.0000
 -0.0000
  0.0000
 -0.0000
  0.0000
 -0.0000
  0.0000
 -0.0000
  0.0000
  0.0000
  0.0000
  0.0000
  0.0000
  0.0000
  0.0000
  0.0000
  0.0000
  0.0000
  0.0000
  0.0000
  0.0000
  0.0000
  0.0000
  0.0000
  0.0000
  0.0000
  0.0000
  0.0000
  0.0000
  0.0000
  0.0000
  0.0000
  0.0000
  0.0000
  0.0000
  0.0000
  0.0000
  0.0000
  0.0000
  0.0000
  0.0000
  0.0000
  0.0000
  0.0000
  0.0000
  0.0000
  0.0000
  0.0000
  0.0000
  0.0000
  0.0000
  0.0000
  0.0000
  0.0000
  0.0000
  0.0000
  0.0000
  0.0000
  0.0000
  0.0000
  0.0000
  0.0000
  0.0000
  0.0000
  0.0000
  0.0000
  0.0000
  0.0000
  0.0000
  0.0000
  0.0000
  0.0000
  0.0000
  0.0000
  0.0000
  0.0000
  0.0000
  0.0000
  0.0000
  0.0000
  0.0000
  0.0000
  0.0000
  0.0000
  0.0000
  0.0000
  0.0000
  0.0000
  0.0000
  0.0000
  0.0000
  0.0000
  0.0000
  0.0000
  0.0000
  0.0000
  0.0000
  0.0000
  0.0000
  0.0000
  0.0000
  0.0000
  0.0000
  0.0000
  0.0000
  0.0000
  0.0000
  0.0000
  0.0000
  0.0000
  0.0000
  0.0000
  0.0000
  0.0000
  0.0000
  0.0000
  0.0000
  0.0000
  0.0000
  0.0000
  0.0000
  0.0000
  0.0000
  0.0000
  0.0000
  0.0000
  0.0000
  0.0000
  0.0000
  0.0000
  0.0000
  0.0000
  0.0000
  0.0000
  0.0000
  0.0000
  0.0000
  0.0000
  0.0000
  0.0000
  0.0000
  0.0000
  0.0000
  0.0000
  0.0000
  0.0000
  0.0000
  0.0000
  0.0000
  0.0000
  0.0000
  0.0000
  0.0000
  0.0000
  0.0000
  0.0000
  0.0000
  0.0000
  0.0000
  0.0000
  0.0000
  0.0000
  0.0000
  0.0000
  0.0000
  0.0000
  0.0000
  0.0000
  0.0000
  0.0000
  0.0000
  0.0000
  0.0000
  0.0000
  0.0000
  0.0000
  0.0000
  0.0000
  0.0000
  0.0000
  0.0000
  0.0000
  0.0000
  0.0000
  0.0000
  0.0000
  0.0000
  0.0000
  0.0000
  0.0000
  0.0000
  0.0000
  0.0000
  0.0000
  0.0000
  0.0000
  0.0000
  0.0000
  0.0000
  0.0000
  0.0000
  0.0000
  0.0000
  0.0000
  0.0000
  0.0000
  0.0000
  0.0000
  0.0000
  0.0000
  0.0000
  0.0000
  0.0000
  0.0000
  0.0000
  0.0000
  0.0000
  0.0000
  0.0000
  0.0000
  0.0000
  0.0000
  0.0000
  0.0000
  0.0000
  0.0000
  0.0000
  0.0000
  0.0000
  0.0000
  0.0000
  0.0000
  0.0000
  0.0000
  0.0000
  0.0000
  0.0000
  0.0000
  0.0000
  0.0000
  0.0000
  0.0000
  0.0000
  0.0000
  0.0000
  0.0000
  0.0000
  0.0000
  0.0000
  0.0000
  0.0000
  0.0000
  0.0000
  0.0000
  0.0000
  0.0000
  0.0000
  0.0000
  0.0000
  0.0000
  0.0000
  0.0000
  0.0000
  0.0000
  0.0000
  0.0000
  0.0000
  0.0000
  0.0000
  0.0000
  0.0000
  0.0000
  0.0000
  0.0000
  0.0000
  0.0000
  0.0000
  0.0000
  0.0000
  0.0000
  0.0000
  0.0000
  0.0000
  0.0000
  0.0000
  0.0000
  0.0000
  0.0000
  0.0000
  0.0000
  0.0000
  0.0000
  0.0000
  0.0000
  0.0000
  0.0000
  0.0000
  0.0000
  0.0000
  0.0000
  0.0000
  0.0000
  0.0000
  0.0000
  0.0000
  0.0000
  0.0000
  0.0000
  0.0000
  0.0000
  0.0000
  0.0000
  0.0000
  0.0000
  0.0000
  0.0000
  0.0000
  0.0000
  0.0000
  0.0000
  0.0000
  0.0000
  0.0000
  0.0000
  0.0000
  0.0000
  0.0000
  0.0000
  0.0000
  0.0000
  0.0000
  0.0000
  0.0000
  0.0000
  0.0000
  0.0000
  0.0000
  0.0000
  0.0000
  0.0000
  0.0000
  0.0000
  0.0000
  0.0000
  0.0000
  0.0000
  0.0000
  0.0000
  0.0000
  0.0000
  0.0000
  0.0000
  0.0000
  0.0000
  0.0000
  0.0000
  0.0000
  0.0000
  0.0000
  0.0000
  0.0000
  0.0000
  0.0000
  0.0000
  0.0000
  0.0000
  0.0000
  0.0000
  0.0000
  0.0000
  0.0000
  0.0000
  0.0000
  0.0000
  0.0000
  0.0000
  0.0000
  0.0000
  0.0000
  0.0000
  0.0000
  0.0000
  0.0000
  0.0000
  0.0000
  0.0000
  0.0000
  0.0000
  0.0000
  0.0000
  0.0000
  0.0000
  0.0000
  0.0000
  0.0000
  0.0000
  0.0000
  0.0000
  0.0000
  0.0000
  0.0000
  0.0000
  0.0000
  0.0000
  0.0000
  0.0000
  0.0000
  0.0000
  0.0000
  0.0000
  0.0000
  0.0000
  0.0000
  0.0000
  0.0000
  0.0000
  0.0000
  0.0000
  0.0000
  0.0000
  0.0000
  0.0000
  0.0000
  0.0000
  0.0000
  0.0000
  0.0000
  0.0000
  0.0000
  0.0000
  0.0000
  0.0000
  0.0000
  0.0000
  0.0000
  0.0000
  0.0000
  0.0000
  0.0000
  0.0000
  0.0000
  0.0000
  0.0000
  0.0000
  0.0000
  0.0000
  0.0000
  0.0000
  0.0000
  0.0000
  0.0000
  0.0000
  0.0000
  0.0000
  0.0000
  0.0000
  0.0000
  0.0000
  0.0000
  0.0000
  0.0000
  0.0000
  0.0000
  0.0000
  0.0000
  0.0000
  0.0000
  0.0000
  0.0000
  0.0000
  0.0000
  0.0000
  0.0000
  0.0000
  0.0000
  0.0000
  0.0000
  0.0000
  0.0000
  0.0000
  0.0000
  0.0000
  0.0000
  0.0000
  0.0000
  0.0000
  0.0000
  0.0000
  0.0000
  0.0000
  0.0000
  0.0000
  0.0000
  0.0000
  0.0000
  0.0000
  0.0000
  0.0000
  0.0000
  0.0000
  0.0000
  0.0000
  0.0000
  0.0000
  0.0000
  0.0000
  0.0000
  0.0000
  0.0000
  0.0000
  0.0000
  0.0000
  0.0000
  0.0000
  0.0000
  0.0000
  0.0000
  0.0000
  0.0000
  0.0000
  0.0000
  0.0000
  0.0000
  0.0000
  0.0000
  0.0000
  0.0000
  0.0000
  0.0000
  0.0000
  0.0000
  0.0000
  0.0000
  0.0000
  0.0000
  0.0000
  0.0000
  0.0000
  0.0000
  0.0000
  0.0000
  0.0000
  0.0000
  0.0000
  0.0000
  0.0000
  0.0000
  0.0000
  0.0000
  0.0000
  0.0000
  0.0000
  0.0000
  0.0000
  0.0000
  0.0000
  0.0000
  0.0000
  0.0000
  0.0000
  0.0000
  0.0000
  0.0000
  0.0000
  0.0000
  0.0000
  0.0000
  0.0000
  0.0000
  0.0000
  0.0000
  0.0000
  0.0000
  0.0000
  0.0000
  0.0000
  0.0000
  0.0000
  0.0000
  0.0000
  0.0000
  0.0000
  0.0000
  0.0000
  0.0000
  0.0000
  0.0000
  0.0000
  0.0000
  0.0000
  0.0000
  0.0000
  0.0000
  0.0000
  0.0000
  0.0000
  0.0000
  0.0000
  0.0000
  0.0000
  0.0000
  0.0000
  0.0000
  0.0000
  0.0000
  0.0000
  0.0000
  0.0000
  0.0000
  0.0000
  0.0000
  0.0000
  0.0000
  0.0000
  0.0000
  0.0000
  0.0000
  0.0000
  0.0000
  0.0000
  0.0000
  0.0000
  0.0000
  0.0000
  0.0000
  0.0000
  0.0000
  0.0000
  0.0000
  0.0000
  0.0000
  0.0000
  0.0000
  0.0000
  0.0000
  0.0000
  0.0000
  0.0000
  0.0000
  0.0000
  0.0000
  0.0000
  0.0000
  0.0000
  0.0000
  0.0000
  0.0000
  0.0000
  0.0000
  0.0000
  0.0000
  0.0000
  0.0000
  0.0000
  0.0000
  0.0000
  0.0000
  0.0000
  0.0000
  0.0000
  0.0000
  0.0000
  0.0000
  0.0000
  0.0000
  0.0000
  0.0000
  0.0000
  0.0000
  0.0000
  0.0000
  0.0000
  0.0000
  0.0000
  0.0000
  0.0000
  0.0000
  0.0000
  0.0000
  0.0000
  0.0000
  0.0000
  0.0000
  0.0000
  0.0000
  0.0000
  0.0000
  0.0000
  0.0000
  0.0000
  0.0000
  0.0000
  0.0000
  0.0000
  0.0000
  0.0000
  0.0000
  0.0000
  0.0000
  0.0000
  0.0000
  0.0000
  0.0000
  0.0000
  0.0000
  0.0000
  0.0000
  0.0000
  0.0000
  0.0000
  0.0000
  0.0000
  0.0000
  0.0000
  0.0000
  0.0000
  0.0000
  0.0000
  0.0000
  0.0000
  0.0000
  0.0000
  0.0000
  0.0000
  0.0000
  0.0000
  0.0000
  0.0000
  0.0000
  0.0000
  0.0000
  0.0000
  0.0000
  0.0000
  0.0000
  0.0000
  0.0000
  0.0000
  0.0000
  0.0000
  0.0000
  0.0000
  0.0000
  0.0000
  0.0000
  0.0000
  0.0000
  0.0000
  0.0000
  0.0000
  0.0000
  0.0000
  0.0000
  0.0000
  0.0000
  0.0000
  0.0000
  0.0000
  0.0000
  0.0000
  0.0000
  0.0000
  0.0000
  0.0000
  0.0000
  0.0000
  0.0000
  0.0000
  0.0000
  0.0000
  0.0000
  0.0000
  0.0000
  0.0000
  0.0000
  0.0000
  0.0000
  0.0000
  0.0000
  0.0000
  0.0000
  0.0000
  0.0000
  0.0000
  0.0000
  0.0000
  0.0000
  0.0000
  0.0000
  0.0000
  0.0000
  0.0000
  0.0000
  0.0000
  0.0000
  0.0000
  0.0000
  0.0000
  0.0000
  0.0000
  0.0000
  0.0000
  0.0000
  0.0000
  0.0000
  0.0000
  0.0000
  0.0000
  0.0000
  0.0000
  0.0000
  0.0000
  0.0000
  0.0000
  0.0000
  0.0000
  0.0000
  0.0000
  0.0000
  0.0000
  0.0000
  0.0000
  0.0000
  0.0000
  0.0000
  0.0000
  0.0000
  0.0000
  0.0000
  0.0000
  0.0000
  0.0000
  0.0000
  0.0000
  0.0000
  0.0000
  0.0000
  0.0000
  0.0000
  0.0000
  0.0000
  0.0000
  0.0000
  0.0000
  0.0000
  0.0000
  0.0000
  0.0000
  0.0000
  0.0000
  0.0000
  0.0000
  0.0000
  0.0000
  0.0000
  0.0000
  0.0000
  0.0000
  0.0000
  0.0000
  0.0000
  0.0000
  0.0000
  0.0000
  0.0000
  0.0000
  0.0000
  0.0000
  0.0000
  0.0000
  0.0000
  0.0000
  0.0000
  0.0000
  0.0000
  0.0000
  0.0000
  0.0000
  0.0000
  0.0000
  0.0000
  0.0000
  0.0000
  0.0000
  0.0000
  0.0000
  0.0000
  0.0000
  0.0000
  0.0000
  0.0000
  0.0000
  0.0000
  0.0000
  0.0000
  0.0000
  0.0000
  0.0000
  0.0000
  0.0000
  0.0000
  0.0000
  0.0000
  0.0000
  0.0000
  0.0000
  0.0000
  0.0000
  0.0000
  0.0000
  0.0000
  0.0000
  0.0000
  0.0000
  0.0000
  0.0000
  0.0000
  0.0000
  0.0000
  0.0000
  0.0000
  0.0000
  0.0000
  0.0000
  0.0000
  0.0000
  0.0000
  0.0000
  0.0000
  0.0000
  0.0000
  0.0000
  0.0000
  0.0000
  0.0000
  0.0000
  0.0000
  0.0000
  0.0000
  0.0000
  0.0000
  0.0000
  0.0000
  0.0000
  0.0000
  0.0000
  0.0000
  0.0000
  0.0000
  0.0000
  0.0000
  0.0000
  0.0000
  0.0000
  0.0000
  0.0000
  0.0000
  0.0000
  0.0000
  0.0000
  0.0000
  0.0000
  0.0000
  0.0000
  0.0000
  0.0000
  0.0000
  0.0000
  0.0000
  0.0000
  0.0000
  0.0000
  0.0000
  0.0000
  0.0000
  0.0000
  0.0000
  0.0000
  0.0000
  0.0000
  0.0000
  0.0000
  0.0000
  0.0000
  0.0000
  0.0000
  0.0000
  0.0000
  0.0000
  0.0000
  0.0000
  0.0000
  0.0000
  0.0000
  0.0000
  0.0000
  0.0000
  0.0000
  0.0000
  0.0000
  0.0000
  0.0000
  0.0000
  0.0000
  0.0000
  0.0000
  0.0000
  0.0000
  0.0000
  0.0000
  0.0000
  0.0000
  0.0000
  0.0000
  0.0000
  0.0000
  0.0000
  0.0000
  0.0000
  0.0000
  0.0000
  0.0000
  0.0000
  0.0000
  0.0000
  0.0000
  0.0000
  0.0000
  0.0000
  0.0000
  0.0000
  0.0000
  0.0000
  0.0000
  0.0000
  0.0000
  0.0000
  0.0000
  0.0000
  0.0000
  0.0000
  0.0000
  0.0000
  0.0000
  0.0000
  0.0000
  0.0000
  0.0000
  0.0000
  0.0000
  0.0000
  0.0000
  0.0000
  0.0000
  0.0000
  0.0000
  0.0000
  0.0000
  0.0000
  0.0000
  0.0000
  0.0000
  0.0000
  0.0000
  0.0000
  0.0000
  0.0000
  0.0000
  0.0000
  0.0000
  0.0000
  0.0000
  0.0000
  0.0000
  0.0000
  0.0000
  0.0000
  0.0000
  0.0000
  0.0000
  0.0000
  0.0000
  0.0000
  0.0000
  0.0000
  0.0000
  0.0000
  0.0000
  0.0000
  0.0000
  0.0000
  0.0000
  0.0000
  0.0000
  0.0000
  0.0000
  0.0000
  0.0000
  0.0000
  0.0000
  0.0000
  0.0000
  0.0000
  0.0000
  0.0000
  0.0000
  0.0000
  0.0000
  0.0000
  0.0000
  0.0000
  0.0000
  0.0000
  0.0000
  0.0000
  0.0000
  0.0000
  0.0000
  0.0000
  0.0000
  0.0000
  0.0000
  0.0000
  0.0000
  0.0000
  0.0000
  0.0000
  0.0000
  0.0000
  0.0000
  0.0000
  0.0000
  0.0000
  0.0000
  0.0000
  0.0000
  0.0000
  0.0000
  0.0000
  0.0000
  0.0000
  0.0000
  0.0000
  0.0000
  0.0000
  0.0000
  0.0000
  0.0000
  0.0000
  0.0000
  0.0000
  0.0000
  0.0000
  0.0000
  0.0000
  0.0000
  0.0000
  0.0000
  0.0000
  0.0000
  0.0000
  0.0000
  0.0000
  0.0000
  0.0000
  0.0000
  0.0000
  0.0000
  0.0000
  0.0000
  0.0000
  0.0000
  0.0000
  0.0000
  0.0000
  0.0000
  0.0000
  0.0000
  0.0000
  0.0000
  0.0000
  0.0000
  0.0000
  0.0000
  0.0000
  0.0000
  0.0000
  0.0000
  0.0000
  0.0000
  0.0000
  0.0000
  0.0000
  0.0000
  0.0000
  0.0000
  0.0000
  0.0000
  0.0000
  0.0000
  0.0000
  0.0000
  0.0000
  0.0000
  0.0000
  0.0000
  0.0000
  0.0000
  0.0000
  0.0000
  0.0000
  0.0000
  0.0000
  0.0000
  0.0000
  0.0000
  0.0000
  0.0000
  0.0000
  0.0000
  0.0000
  0.0000
  0.0000
  0.0000
  0.0000
  0.0000
  0.0000
  0.0000
  0.0000
  0.0000
  0.0000
  0.0000
  0.0000
  0.0000
  0.0000
  0.0000
  0.0000
  0.0000
  0.0000
  0.0000
  0.0000
  0.0000
  0.0000
  0.0000
  0.0000
  0.0000
  0.0000
  0.0000
  0.0000
  0.0000
  0.0000
  0.0000
  0.0000
  0.0000
  0.0000
  0.0000
  0.0000
  0.0000
  0.0000
  0.0000
  0.0000
  0.0000
  0.0000
  0.0000
  0.0000
  0.0000
  0.0000
  0.0000
  0.0000
  0.0000
  0.0000
  0.0000
  0.0000
  0.0000
  0.0000
  0.0000
  0.0000
  0.0000
  0.0000
  0.0000
  0.0000
  0.0000
  0.0000
  0.0000
  0.0000
  0.0000
  0.0000
  0.0000
  0.0000
  0.0000
  0.0000
  0.0000
  0.0000
  0.0000
  0.0000
  0.0000
  0.0000
  0.0000
  0.0000
  0.0000
  0.0000
  0.0000
  0.0000
  0.0000
  0.0000
  0.0000
  0.0000
  0.0000
  0.0000
  0.0000
  0.0000
  0.0000
  0.0000
  0.0000
  0.0000
  0.0000
  0.0000
  0.0000
  0.0000
  0.0000
  0.0000
  0.0000
  0.0000
  0.0000
  0.0000
  0.0000
  0.0000
  0.0000
  0.0000
  0.0000
  0.0000
  0.0000
  0.0000
  0.0000
  0.0000
  0.0000
  0.0000
  0.0000
  0.0000
  0.0000
  0.0000
  0.0000
  0.0000
  0.0000
  0.0000
  0.0000
  0.0000
  0.0000
  0.0000
  0.0000
  0.0000
  0.0000
  0.0000
  0.0000
  0.0000
  0.0000
  0.0000
  0.0000
  0.0000
  0.0000
  0.0000
  0.0000
  0.0000
  0.0000
  0.0000
  0.0000
  0.0000
  0.0000
  0.0000
  0.0000
  0.0000
  0.0000
  0.0000
  0.0000
  0.0000
  0.0000
  0.0000
  0.0000
  0.0000
  0.0000
  0.0000
  0.0000
  0.0000
  0.0000
  0.0000
  0.0000
  0.0000
  0.0000
  0.0000
  0.0000
  0.0000
  0.0000
  0.0000
  0.0000
  0.0000
  0.0000
  0.0000
  0.0000
  0.0000
  0.0000
  0.0000
  0.0000
  0.0000
  0.0000
  0.0000
  0.0000
  0.0000
  0.0000
  0.0000
  0.0000
  0.0000
  0.0000
  0.0000
  0.0000
  0.0000
  0.0000
  0.0000
  0.0000
  0.0000
  0.0000
  0.0000
  0.0000
  0.0000
  0.0000
  0.0000
  0.0000
  0.0000
  0.0000
  0.0000
  0.0000
  0.0000
  0.0000
  0.0000
  0.0000
  0.0000
  0.0000
  0.0000
  0.0000
  0.0000
  0.0000
  0.0000
  0.0000
  0.0000
  0.0000
  0.0000
  0.0000
  0.0000
  0.0000
  0.0000
  0.0000
  0.0000
  0.0000
  0.0000
  0.0000
  0.0000
  0.0000
  0.0000
  0.0000
  0.0000
  0.0000
  0.0000
  0.0000
  0.0000
  0.0000
  0.0000
  0.0000
  0.0000
  0.0000
  0.0000
  0.0000
  0.0000
  0.0000
  0.0000
  0.0000
  0.0000
  0.0000
  0.0000
  0.0000
  0.0000
  0.0000
  0.0000
  0.0000
  0.0000
  0.0000
  0.0000
  0.0000
  0.0000
  0.0000
  0.0000
  0.0000
  0.0000
  0.0000
  0.0000
  0.0000
  0.0000
  0.0000
  0.0000
  0.0000
  0.0000
  0.0000
  0.0000
  0.0000
  0.0000
  0.0000
  0.0000
  0.0000
  0.0000
  0.0000
  0.0000
  0.0000
  0.0000
  0.0000
  0.0000
  0.0000
  0.0000
  0.0000
  0.0000
  0.0000
  0.0000
  0.0000
  0.0000
  0.0000
  0.0000
  0.0000
  0.0000
  0.0000
  0.0000
  0.0000
  0.0000
  0.0000
  0.0000
  0.0000
  0.0000
  0.0000
  0.0000
  0.0000
  0.0000
  0.0000
  0.0000
  0.0000
  0.0000
  0.0000
  0.0000
  0.0000
  0.0000
  0.0000
  0.0000
  0.0000
  0.0000
  0.0000
  0.0000
  0.0000
  0.0000
  0.0000
  0.0000
  0.0000
  0.0000
  0.0000
  0.0000
  0.0000
  0.0000
  0.0000
  0.0000
  0.0000
  0.0000
  0.0000
  0.0000
  0.0000
  0.0000
  0.0000
  0.0000
  0.0000
  0.0000
  0.0000
  0.0000
  0.0000
  0.0000
  0.0000
  0.0000
  0.0000
  0.0000
  0.0000
  0.0000
  0.0000
  0.0000
  0.0000
  0.0000
  0.0000
  0.0000
  0.0000
  0.0000
  0.0000
  0.0000
  0.0000
  0.0000
  0.0000
  0.0000
  0.0000
  0.0000
  0.0000
  0.0000
  0.0000
  0.0000
  0.0000
  0.0000
  0.0000
  0.0000
  0.0000
  0.0000
  0.0000
  0.0000
  0.0000
  0.0000
  0.0000
  0.0000
  0.0000
  0.0000
  0.0000
  0.0000
  0.0000
  0.0000
  0.0000
  0.0000
  0.0000
  0.0000
  0.0000
  0.0000
  0.0000
  0.0000
  0.0000
  0.0000
  0.0000
  0.0000
  0.0000
  0.0000
  0.0000
  0.0000
  0.0000
  0.0000
  0.0000
  0.0000
  0.0000
  0.0000
  0.0000
  0.0000
  0.0000
  0.0000
  0.0000
  0.0000
  0.0000
  0.0000
  0.0000
  0.0000
  0.0000
  0.0000
  0.0000
  0.0000
  0.0000
  0.0000
  0.0000
  0.0000
  0.0000
  0.0000
  0.0000
  0.0000
  0.0000
  0.0000
  0.0000
  0.0000
  0.0000
  0.0000
  0.0000
  0.0000
  0.0000
  0.0000
  0.0000
  0.0000
  0.0000
  0.0000
  0.0000
  0.0000
  0.0000
  0.0000
  0.0000
  0.0000
  0.0000
  0.0000
  0.0000
  0.0000
  0.0000
  0.0000
  0.0000
  0.0000
  0.0000
  0.0000
  0.0000
  0.0000
  0.0000
  0.0000
  0.0000
  0.0000
  0.0000
  0.0000
  0.0000
  0.0000
  0.0000
  0.0000
  0.0000
  0.0000
  0.0000
  0.0000
  0.0000
  0.0000
  0.0000
  0.0000
  0.0000
  0.0000
  0.0000
  0.0000
  0.0000
  0.0000
  0.0000
  0.0000
  0.0000
  0.0000
  0.0000
  0.0000
  0.0000
  0.0000
  0.0000
  0.0000
  0.0000
  0.0000
  0.0000
  0.0000
  0.0000
  0.0000
  0.0000
  0.0000
  0.0000
  0.0000
  0.0000
  0.0000
  0.0000
  0.0000
  0.0000
  0.0000
  0.0000
  0.0000
  0.0000
  0.0000
  0.0000
  0.0000
  0.0000
  0.0000
  0.0000
  0.0000
  0.0000
  0.0000
  0.0000
  0.0000
  0.0000
  0.0000
  0.0000
  0.0000
  0.0000
  0.0000
  0.0000
  0.0000
  0.0000
  0.0000
  0.0000
  0.0000
  0.0000
  0.0000
  0.0000
  0.0000
  0.0000
  0.0000
  0.0000
  0.0000
  0.0000
  0.0000
  0.0000
  0.0000
  0.0000
  0.0000
  0.0000
  0.0000
  0.0000
  0.0000
  0.0000
  0.0000
  0.0000
  0.0000
  0.0000
  0.0000
  0.0000
  0.0000
  0.0000
  0.0000
  0.0000
  0.0000
  0.0000
  0.0000
  0.0000
  0.0000
  0.0000
  0.0000
  0.0000
  0.0000
  0.0000
  0.0000
  0.0000
  0.0000
  0.0000
  0.0000
  0.0000
  0.0000
  0.0000
  0.0000
  0.0000
  0.0000
  0.0000
  0.0000
  0.0000
  0.0000
  0.0000
  0.0000
  0.0000
  0.0000
  0.0000
  0.0000
  0.0000
  0.0000
  0.0000
  0.0000
  0.0000
  0.0000
  0.0000
  0.0000
  0.0000
  0.0000
  0.0000
  0.0000
  0.0000
  0.0000
  0.0000
  0.0000
  0.0000
  0.0000
  0.0000
  0.0000
  0.0000
  0.0000
  0.0000
  0.0000
  0.0000
  0.0000
  0.0000
  0.0000
  0.0000
  0.0000
  0.0000
  0.0000
  0.0000
  0.0000
  0.0000
  0.0000
  0.0000
  0.0000
  0.0000
  0.0000
  0.0000
  0.0000
  0.0000
  0.0000
  0.0000
  0.0000
  0.0000
  0.0000
  0.0000
  0.0000
  0.0000
  0.0000
  0.0000
  0.0000
  0.0000
  0.0000
  0.0000
  0.0000
  0.0000
  0.0000
  0.0000
  0.0000
  0.0000
  0.0000
  0.0000
  0.0000
  0.0000
  0.0000
  0.0000
  0.0000
  0.0000
  0.0000
  0.0000
  0.0000
  0.0000
  0.0000
  0.0000
  0.0000
  0.0000
  0.0000
  0.0000
  0.0000
  0.0000
  0.0000
  0.0000
  0.0000
  0.0000
  0.0000
  0.0000
  0.0000
  0.0000
  0.0000
  0.0000
  0.0000
  0.0000
  0.0000
  0.0000
  0.0000
  0.0000
  0.0000
  0.0000
  0.0000
  0.0000
  0.0000
  0.0000
  0.0000
  0.0000
  0.0000
  0.0000
  0.0000
  0.0000
  0.0000
  0.0000
  0.0000
  0.0000
  0.0000
  0.0000
  0.0000
  0.0000
  0.0000
  0.0000
  0.0000
  0.0000
  0.0000
  0.0000
  0.0000
  0.0000
  0.0000
  0.0000
  0.0000
  0.0000
  0.0000
  0.0000
  0.0000
  0.0000
  0.0000
  0.0000
  0.0000
  0.0000
  0.0000
  0.0000
  0.0000
  0.0000
  0.0000
  0.0000
  0.0000
  0.0000
  0.0000
  0.0000
  0.0000
  0.0000
  0.0000
  0.0000
  0.0000
  0.0000
  0.0000
  0.0000
  0.0000
  0.0000
  0.0000
  0.0000
  0.0000
  0.0000
  0.0000
  0.0000
  0.0000
  0.0000
  0.0000
  0.0000
  0.0000
  0.0000
  0.0000
  0.0000
  0.0000
  0.0000
  0.0000
  0.0000
  0.0000
  0.0000
  0.0000
  0.0000
  0.0000
  0.0000
  0.0000
  0.0000
  0.0000
  0.0000
  0.0000
  0.0000
  0.0000
  0.0000
  0.0000
  0.0000
  0.0000
  0.0000
  0.0000
  0.0000
  0.0000
  0.0000
  0.0000
  0.0000
  0.0000
  0.0000
  0.0000
  0.0000
  0.0000
  0.0000
  0.0000
  0.0000
  0.0000
  0.0000
  0.0000
  0.0000
  0.0000
  0.0000
  0.0000
  0.0000
  0.0000
  0.0000
  0.0000
  0.0000
  0.0000
  0.0000
  0.0000
  0.0000
  0.0000
  0.0000
  0.0000
  0.0000
  0.0000
  0.0000
  0.0000
  0.0000
  0.0000
  0.0000
  0.0000
  0.0000
  0.0000
  0.0000
  0.0000
  0.0000
  0.0000
  0.0000
  0.0000
  0.0000
  0.0000
  0.0000
  0.0000
  0.0000
  0.0000
  0.0000
  0.0000
  0.0000
  0.0000
  0.0000
  0.0000
  0.0000
  0.0000
  0.0000
  0.0000
  0.0000
  0.0000
  0.0000
  0.0000
  0.0000
  0.0000
  0.0000
  0.0000
  0.0000
  0.0000
  0.0000
  0.0000
  0.0000
  0.0000
  0.0000
  0.0000
  0.0000
  0.0000
  0.0000
  0.0000
  0.0000
  0.0000
  0.0000
  0.0000
  0.0000
  0.0000
  0.0000
  0.0000
  0.0000
  0.0000
  0.0000
  0.0000
  0.0000
  0.0000
  0.0000
  0.0000
  0.0000
  0.0000
  0.0000
  0.0000
  0.0000
  0.0000
  0.0000
  0.0000
  0.0000
  0.0000
  0.0000
  0.0000
  0.0000
  0.0000
  0.0000
  0.0000
  0.0000
  0.0000
  0.0000
  0.0000
  0.0000
  0.0000
  0.0000
  0.0000
  0.0000
  0.0000
  0.0000
  0.0000
  0.0000
  0.0000
  0.0000
  0.0000
  0.0000
  0.0000
  0.0000
  0.0000
  0.0000
  0.0000
  0.0000
  0.0000
  0.0000
  0.0000
  0.0000
  0.0000
  0.0000
  0.0000
  0.0000
  0.0000
  0.0000
  0.0000
  0.0000
  0.0000
  0.0000
  0.0000
  0.0000
  0.0000
  0.0000
  0.0000
  0.0000
  0.0000
  0.0000
  0.0000
  0.0000
  0.0000
  0.0000
  0.0000
  0.0000
  0.0000
  0.0000
  0.0000
  0.0000
  0.0000
  0.0000
  0.0000
  0.0000
  0.0000
  0.0000
  0.0000
  0.0000
  0.0000
  0.0000
  0.0000
  0.0000
  0.0000
  0.0000
  0.0000
  0.0000
  0.0000
  0.0000
  0.0000
  0.0000
  0.0000
  0.0000
  0.0000
  0.0000
  0.0000
  0.0000
  0.0000
  0.0000
  0.0000
  0.0000
  0.0000
  0.0000
  0.0000
  0.0000
  0.0000
  0.0000
  0.0000
  0.0000
  0.0000
  0.0000
  0.0000
  0.0000
  0.0000
  0.0000
  0.0000
  0.0000
  0.0000
  0.0000
  0.0000
  0.0000
  0.0000
  0.0000
  0.0000
  0.0000
  0.0000
  0.0000
  0.0000
  0.0000
  0.0000
  0.0000
  0.0000
  0.0000
  0.0000
  0.0000
  0.0000
  0.0000
  0.0000
  0.0000
  0.0000
  0.0000
  0.0000
  0.0000
  0.0000
  0.0000
  0.0000
  0.0000
  0.0000
  0.0000
  0.0000
  0.0000
  0.0000
  0.0000
  0.0000
  0.0000
  0.0000
  0.0000
  0.0000
  0.0000
  0.0000
  0.0000
  0.0000
  0.0000
  0.0000
  0.0000
  0.0000
  0.0000
  0.0000
  0.0000
  0.0000
  0.0000
  0.0000
  0.0000
  0.0000
  0.0000
  0.0000
  0.0000
  0.0000
  0.0000
  0.0000
  0.0000
  0.0000
  0.0000
  0.0000
  0.0000
  0.0000
  0.0000
  0.0000
  0.0000
  0.0000
  0.0000
  0.0000
  0.0000
  0.0000
  0.0000
  0.0000
  0.0000
  0.0000
  0.0000
  0.0000
  0.0000
  0.0000
  0.0000
  0.0000
  0.0000
  0.0000
  0.0000
  0.0000
  0.0000
  0.0000
  0.0000
  0.0000
  0.0000
  0.0000
  0.0000
  0.0000
  0.0000
  0.0000
  0.0000
  0.0000
  0.0000
  0.0000
  0.0000
  0.0000
  0.0000
  0.0000
  0.0000
  0.0000
  0.0000
  0.0000
  0.0000
  0.0000
  0.0000
  0.0000
  0.0000
  0.0000
  0.0000
  0.0000
  0.0000
  0.0000
  0.0000
  0.0000
  0.0000
  0.0000
  0.0000
  0.0000
  0.0000
  0.0000
  0.0000
  0.0000
  0.0000
  0.0000
  0.0000
  0.0000
  0.0000
  0.0000
  0.0000
  0.0000
  0.0000
  0.0000
  0.0000
  0.0000
  0.0000
  0.0000
  0.0000
  0.0000
  0.0000
  0.0000
  0.0000
  0.0000
  0.0000
  0.0000
  0.0000
  0.0000
  0.0000
  0.0000
  0.0000
  0.0000
  0.0000
  0.0000
  0.0000
  0.0000
  0.0000
  0.0000
  0.0000
  0.0000
  0.0000
  0.0000
  0.0000
  0.0000
  0.0000
  0.0000
  0.0000
  0.0000
  0.0000
  0.0000
  0.0000
  0.0000
  0.0000
  0.0000
  0.0000
  0.0000
  0.0000
  0.0000
  0.0000
  0.0000
  0.0000
  0.0000
  0.0000
  0.0000
  0.0000
  0.0000
  0.0000
  0.0000
  0.0000
  0.0000
  0.0000
  0.0000
  0.0000
  0.0000
  0.0000
  0.0000
  0.0000
  0.0000
  0.0000
  0.0000
  0.0000
  0.0000
  0.0000
  0.0000
  0.0000
  0.0000
  0.0000
  0.0000
  0.0000
  0.0000
  0.0000
  0.0000
  0.0000
  0.0000
  0.0000
  0.0000
  0.0000
  0.0000
  0.0000
  0.0000
  0.0000
  0.0000
  0.0000
  0.0000
  0.0000
  0.0000
  0.0000
  0.0000
  0.0000
  0.0000
  0.0000
  0.0000
  0.0000
  0.0000
  0.0000
  0.0000
  0.0000
  0.0000
  0.0000
  0.0000
  0.0000
  0.0000
  0.0000
  0.0000
  0.0000
  0.0000
  0.0000
  0.0000
  0.0000
  0.0000
  0.0000
  0.0000
  0.0000
  0.0000
  0.0000
  0.0000
  0.0000
  0.0000
  0.0000
  0.0000
  0.0000
  0.0000
  0.0000
  0.0000
  0.0000
  0.0000
  0.0000
  0.0000
  0.0000
  0.0000
  0.0000
  0.0000
  0.0000
  0.0000
  0.0000
  0.0000
  0.0000
  0.0000
  0.0000
  0.0000
  0.0000
  0.0000
  0.0000
  0.0000
  0.0000
  0.0000
  0.0000
  0.0000
  0.0000
  0.0000
  0.0000
  0.0000
  0.0000
  0.0000
  0.0000
  0.0000
  0.0000
  0.0000
  0.0000
  0.0000
  0.0000
  0.0000
  0.0000
  0.0000
  0.0000
  0.0000
  0.0000
  0.0000
  0.0000
  0.0000
  0.0000
  0.0000
  0.0000
  0.0000
  0.0000
  0.0000
  0.0000
  0.0000
  0.0000
  0.0000
  0.0000
  0.0000
  0.0000
  0.0000
  0.0000
  0.0000
  0.0000
  0.0000
  0.0000
  0.0000
  0.0000
  0.0000
  0.0000
  0.0000
  0.0000
  0.0000
  0.0000
  0.0000
  0.0000
  0.0000
  0.0000
  0.0000
  0.0000
  0.0000
  0.0000
  0.0000
  0.0000
  0.0000
  0.0000
  0.0000
  0.0000
  0.0000
  0.0000
  0.0000
  0.0000
  0.0000
  0.0000
  0.0000
  0.0000
  0.0000
  0.0000
  0.0000
  0.0000
  0.0000
  0.0000
  0.0000
  0.0000
  0.0000
  0.0000
  0.0000
  0.0000
  0.0000
  0.0000
  0.0000
  0.0000
  0.0000
  0.0000
  0.0000
  0.0000
  0.0000
  0.0000
  0.0000
  0.0000
  0.0000
  0.0000
  0.0000
  0.0000
  0.0000
  0.0000
  0.0000
  0.0000
  0.0000
  0.0000
  0.0000
  0.0000
  0.0000
  0.0000
  0.0000
  0.0000
  0.0000
  0.0000
  0.0000
  0.0000
  0.0000
  0.0000
  0.0000
  0.0000
  0.0000
  0.0000
  0.0000
  0.0000
  0.0000
  0.0000
  0.0000
  0.0000
  0.0000
  0.0000
  0.0000
  0.0000
  0.0000
  0.0000
  0.0000
  0.0000
  0.0000
  0.0000
  0.0000
  0.0000
  0.0000
  0.0000
  0.0000
  0.0000
  0.0000
  0.0000
  0.0000
  0.0000
  0.0000
  0.0000
  0.0000
  0.0000
  0.0000
  0.0000
  0.0000
  0.0000
  0.0000
  0.0000
  0.0000
  0.0000
  0.0000
  0.0000
  0.0000
  0.0000
  0.0000
  0.0000
  0.0000
  0.0000
  0.0000
  0.0000
  0.0000
  0.0000
  0.0000
  0.0000
  0.0000
  0.0000
  0.0000
  0.0000
  0.0000
  0.0000
  0.0000
  0.0000
  0.0000
  0.0000
  0.0000
  0.0000
  0.0000
  0.0000
  0.0000
  0.0000
  0.0000
  0.0000
  0.0000
  0.0000
  0.0000
  0.0000
  0.0000
  0.0000
  0.0000
  0.0000
  0.0000
  0.0000
  0.0000
  0.0000
  0.0000
  0.0000
  0.0000
  0.0000
  0.0000
  0.0000
  0.0000
  0.0000
  0.0000
  0.0000
  0.0000
  0.0000
  0.0000
  0.0000
  0.0000
  0.0000
  0.0000
  0.0000
  0.0000
  0.0000
  0.0000
  0.0000
  0.0000
  0.0000
  0.0000
  0.0000
  0.0000
  0.0000
  0.0000
  0.0000
  0.0000
  0.0000
  0.0000
  0.0000
  0.0000
  0.0000
  0.0000
  0.0000
  0.0000
  0.0000
  0.0000
  0.0000
  0.0000
  0.0000
  0.0000
  0.0000
  0.0000
  0.0000
  0.0000
  0.0000
  0.0000
  0.0000
  0.0000
  0.0000
  0.0000
  0.0000
  0.0000
  0.0000
  0.0000
  0.0000
  0.0000
  0.0000
  0.0000
  0.0000
  0.0000
  0.0000
  0.0000
  0.0000
  0.0000
  0.0000
  0.0000
  0.0000
  0.0000
  0.0000
  0.0000
  0.0000
  0.0000
  0.0000
  0.0000
  0.0000
  0.0000
  0.0000
  0.0000
  0.0000
  0.0000
  0.0000
  0.0000
  0.0000
  0.0000
  0.0000
  0.0000
  0.0000
  0.0000
  0.0000
  0.0000
  0.0000
  0.0000
  0.0000
  0.0000
  0.0000
  0.0000
  0.0000
  0.0000
  0.0000
  0.0000
  0.0000
  0.0000
  0.0000
  0.0000
  0.0000
  0.0000
  0.0000
  0.0000
  0.0000
  0.0000
  0.0000
  0.0000
  0.0000
  0.0000
  0.0000
  0.0000
  0.0000
  0.0000
  0.0000
  0.0000
  0.0000
  0.0000
  0.0000
  0.0000
  0.0000
  0.0000
  0.0000
  0.0000
  0.0000
  0.0000
  0.0000
  0.0000
  0.0000
  0.0000
  0.0000
  0.0000
  0.0000
  0.0000
  0.0000
  0.0000
  0.0000
  0.0000
  0.0000
  0.0000
  0.0000
  0.0000
  0.0000
  0.0000
  0.0000
  0.0000
  0.0000
  0.0000
  0.0000
  0.0000
  0.0000
  0.0000
  0.0000
  0.0000
  0.0000
  0.0000
  0.0000
  0.0000
  0.0000
  0.0000
  0.0000
  0.0000
  0.0000
  0.0000
  0.0000
  0.0000
  0.0000
  0.0000
  0.0000
  0.0000
  0.0000
  0.0000
  0.0000
  0.0000
  0.0000
  0.0000
  0.0000
  0.0000
  0.0000
  0.0000
  0.0000
  0.0000
  0.0000
  0.0000
  0.0000
  0.0000
  0.0000
  0.0000
  0.0000
  0.0000
  0.0000
  0.0000
  0.0000
  0.0000
  0.0000
  0.0000
  0.0000
  0.0000
  0.0000
  0.0000
  0.0000
  0.0000
  0.0000
  0.0000
  0.0000
  0.0000
  0.0000
  0.0000
  0.0000
  0.0000
  0.0000
  0.0000
  0.0000
  0.0000
  0.0000
  0.0000
  0.0000
  0.0000
  0.0000
  0.0000
  0.0000
  0.0000
  0.0000
  0.0000
  0.0000
  0.0000
  0.0000
  0.0000
  0.0000
  0.0000
  0.0000
  0.0000
  0.0000
  0.0000
  0.0000
  0.0000
  0.0000
  0.0000
  0.0000
  0.0000
  0.0000
  0.0000
  0.0000
  0.0000
  0.0000
  0.0000
  0.0000
  0.0000
  0.0000
  0.0000
  0.0000
  0.0000
  0.0000
  0.0000
  0.0000
  0.0000
  0.0000
  0.0000
  0.0000
  0.0000
  0.0000
  0.0000
  0.0000
  0.0000
  0.0000
  0.0000
  0.0000
  0.0000
  0.0000
  0.0000
  0.0000
  0.0000
  0.0000
  0.0000
  0.0000
  0.0000
  0.0000
  0.0000
  0.0000
  0.0000
  0.0000
  0.0000
  0.0000
  0.0000
  0.0000
  0.0000
  0.0000
  0.0000
  0.0000
  0.0000
  0.0000
  0.0000
  0.0000
  0.0000
  0.0000
  0.0000
  0.0000
  0.0000
  0.0000
  0.0000
  0.0000
  0.0000
  0.0000
  0.0000
  0.0000
  0.0000
  0.0000
  0.0000
  0.0000
  0.0000
  0.0000
  0.0000
  0.0000
  0.0000
  0.0000
  0.0000
  0.0000
  0.0000
  0.0000
  0.0000
  0.0000
  0.0000
  0.0000
  0.0000
  0.0000
  0.0000
  0.0000
  0.0000
  0.0000
  0.0000
  0.0000
  0.0000
  0.0000
  0.0000
  0.0000
  0.0000
  0.0000
  0.0000
  0.0000
  0.0000
  0.0000
  0.0000
  0.0000
  0.0000
  0.0000
  0.0000
  0.0000
  0.0000
  0.0000
  0.0000
  0.0000
  0.0000
  0.0000
  0.0000
  0.0000
  0.0000
  0.0000
  0.0000
  0.0000
  0.0000
  0.0000
  0.0000
  0.0000
  0.0000
  0.0000
  0.0000
  0.0000
  0.0000
  0.0000
  0.0000
  0.0000
  0.0000
  0.0000
  0.0000
  0.0000
  0.0000
  0.0000
  0.0000
  0.0000
  0.0000
  0.0000
  0.0000
  0.0000
  0.0000
  0.0000
  0.0000
  0.0000
  0.0000
  0.0000
  0.0000
  0.0000
  0.0000
  0.0000
  0.0000
  0.0000
  0.0000
  0.0000
  0.0000
  0.0000
  0.0000
  0.0000
  0.0000
  0.0000
  0.0000
  0.0000
  0.0000
  0.0000
  0.0000
  0.0000
  0.0000
  0.0000
  0.0000
  0.0000
  0.0000
  0.0000
  0.0000
  0.0000
  0.0000
  0.0000
  0.0000
  0.0000
  0.0000
  0.0000
  0.0000
  0.0000
  0.0000
  0.0000
  0.0000
  0.0000
  0.0000
  0.0000
  0.0000
  0.0000
  0.0000
  0.0000
  0.0000
  0.0000
  0.0000
  0.0000
  0.0000
  0.0000
  0.0000
  0.0000
  0.0000
  0.0000
  0.0000
  0.0000
  0.0000
  0.0000
  0.0000
  0.0000
  0.0000
  0.0000
  0.0000
  0.0000
  0.0000
  0.0000
  0.0000
  0.0000
  0.0000
  0.0000
  0.0000
  0.0000
  0.0000
  0.0000
  0.0000
  0.0000
  0.0000
  0.0000
  0.0000
  0.0000
  0.0000
  0.0000
  0.0000
  0.0000
  0.0000
  0.0000
  0.0000
  0.0000
  0.0000
  0.0000
  0.0000
  0.0000
  0.0000
  0.0000
  0.0000
  0.0000
  0.0000
  0.0000
  0.0000
  0.0000
  0.0000
  0.0000
  0.0000
  0.0000
  0.0000
  0.0000
  0.0000
  0.0000
  0.0000
  0.0000
  0.0000
  0.0000
  0.0000
  0.0000
  0.0000
  0.0000
  0.0000
  0.0000
  0.0000
  0.0000
  0.0000
  0.0000
  0.0000
  0.0000
  0.0000
  0.0000
  0.0000
  0.0000
  0.0000
  0.0000
  0.0000
  0.0000
  0.0000
  0.0000
  0.0000
  0.0000
  0.0000
  0.0000
  0.0000
  0.0000
  0.0000
  0.0000
  0.0000
  0.0000
  0.0000
  0.0000
  0.0000
  0.0000
  0.0000
  0.0000
  0.0000
  0.0000
  0.0000
  0.0000
  0.0000
  0.0000
  0.0000
  0.0000
  0.0000
  0.0000
  0.0000
  0.0000
  0.0000
  0.0000
  0.0000
  0.0000
  0.0000
  0.0000
  0.0000
  0.0000
  0.0000
  0.0000
  0.0000
  0.0000
  0.0000
  0.0000
  0.0000
  0.0000
  0.0000
  0.0000
  0.0000
  0.0000
  0.0000
  0.0000
  0.0000
  0.0000
  0.0000
  0.0000
  0.0000
  0.0000
  0.0000
  0.0000
  0.0000
  0.0000
  0.0000
  0.0000
  0.0000
  0.0000
  0.0000
  0.0000
  0.0000
  0.0000
  0.0000
  0.0000
  0.0000
  0.0000
  0.0000
  0.0000
  0.0000
  0.0000
  0.0000
  0.0000
  0.0000
  0.0000
  0.0000
  0.0000
  0.0000
  0.0000
  0.0000
  0.0000
  0.0000
  0.0000
  0.0000
  0.0000
  0.0000
  0.0000
  0.0000
  0.0000
  0.0000
  0.0000
  0.0000
  0.0000
  0.0000
  0.0000
  0.0000
  0.0000
  0.0000
  0.0000
  0.0000
  0.0000
  0.0000
  0.0000
  0.0000
  0.0000
  0.0000
  0.0000
  0.0000
  0.0000
  0.0000
  0.0000
  0.0000
  0.0000
  0.0000
  0.0000
  0.0000
  0.0000
  0.0000
  0.0000
  0.0000
  0.0000
  0.0000
  0.0000
  0.0000
  0.0000
  0.0000
  0.0000
  0.0000
  0.0000
  0.0000
  0.0000
  0.0000
  0.0000
  0.0000
  0.0000
  0.0000
  0.0000
  0.0000
  0.0000
  0.0000
  0.0000
  0.0000
  0.0000
  0.0000
  0.0000
  0.0000
  0.0000
  0.0000
  0.0000
  0.0000
  0.0000
  0.0000
  0.0000
  0.0000
  0.0000
  0.0000
  0.0000
  0.0000
  0.0000
  0.0000
  0.0000
  0.0000
  0.0000
  0.0000
  0.0000
  0.0000
  0.0000
  0.0000
  0.0000
  0.0000
  0.0000
  0.0000
  0.0000
  0.0000
  0.0000
  0.0000
  0.0000
  0.0000
  0.0000
  0.0000
  0.0000
  0.0000
  0.0000
  0.0000
  0.0000
  0.0000
  0.0000
  0.0000
  0.0000
  0.0000
  0.0000
  0.0000
  0.0000
  0.0000
  0.0000
  0.0000
  0.0000
  0.0000
  0.0000
  0.0000
  0.0000
  0.0000
  0.0000
  0.0000
  0.0000
  0.0000
  0.0000
  0.0000
  0.0000
  0.0000
  0.0000
  0.0000
  0.0000
  0.0000
  0.0000
  0.0000
  0.0000
  0.0000
  0.0000
  0.0000
  0.0000
  0.0000
  0.0000
  0.0000
  0.0000
  0.0000
  0.0000
  0.0000
  0.0000
  0.0000
  0.0000
  0.0000
  0.0000
  0.0000
  0.0000
  0.0000
  0.0000
  0.0000
  0.0000
  0.0000
  0.0000
  0.0000
  0.0000
  0.0000
  0.0000
  0.0000
  0.0000
  0.0000
  0.0000
  0.0000
  0.0000
  0.0000
  0.0000
  0.0000
  0.0000
  0.0000
  0.0000
  0.0000
  0.0000
  0.0000
  0.0000
  0.0000
  0.0000
  0.0000
  0.0000
  0.0000
  0.0000
  0.0000
  0.0000
  0.0000
  0.0000
  0.0000
  0.0000
  0.0000
  0.0000
  0.0000
  0.0000
  0.0000
  0.0000
  0.0000
  0.0000
  0.0000
  0.0000
  0.0000
  0.0000
  0.0000
  0.0000
  0.0000
  0.0000
  0.0000
  0.0000
  0.0000
  0.0000
  0.0000
  0.0000
  0.0000
  0.0000
  0.0000
  0.0000
  0.0000
  0.0000
  0.0000
  0.0000
  0.0000
  0.0000
  0.0000
  0.0000
  0.0000
  0.0000
  0.0000
  0.0000
  0.0000
  0.0000
  0.0000
  0.0000
  0.0000
  0.0000
  0.0000
  0.0000
  0.0000
  0.0000
  0.0000
  0.0000
  0.0000
  0.0000
  0.0000
  0.0000
  0.0000
  0.0000
  0.0000
  0.0000
  0.0000
  0.0000
  0.0000
  0.0000
  0.0000
  0.0000
  0.0000
  0.0000
  0.0000
  0.0000
  0.0000
  0.0000
  0.0000
  0.0000
  0.0000
  0.0000
  0.0000
  0.0000
  0.0000
  0.0000
  0.0000
  0.0000
  0.0000
  0.0000
  0.0000
  0.0000
  0.0000
  0.0000
  0.0000
  0.0000
  0.0000
  0.0000
  0.0000
  0.0000
  0.0000
  0.0000
  0.0000
  0.0000
  0.0000
  0.0000
  0.0000
  0.0000
  0.0000
  0.0000
  0.0000
  0.0000
  0.0000
  0.0000
  0.0000
  0.0000
  0.0000
  0.0000
  0.0000
  0.0000
  0.0000
  0.0000
  0.0000
  0.0000
  0.0000
  0.0000
  0.0000
  0.0000
  0.0000
  0.0000
  0.0000
  0.0000
  0.0000
  0.0000
  0.0000
  0.0000
  0.0000
  0.0000
  0.0000
  0.0000
  0.0000
  0.0000
  0.0000
  0.0000
  0.0000
  0.0000
  0.0000
  0.0000
  0.0000
  0.0000
  0.0000
  0.0000
  0.0000
  0.0000
  0.0000
  0.0000
  0.0000
  0.0000
  0.0000
  0.0000
  0.0000
  0.0000
  0.0000
  0.0000
  0.0000
  0.0000
  0.0000
  0.0000
  0.0000
  0.0000
  0.0000
  0.0000
  0.0000
  0.0000
  0.0000
  0.0000
  0.0000
  0.0000
  0.0000
  0.0000
  0.0000
  0.0000
  0.0000
  0.0000
  0.0000
  0.0000
  0.0000
  0.0000
  0.0000
  0.0000
  0.0000
  0.0000
  0.0000
  0.0000
  0.0000
  0.0000
  0.0000
  0.0000
  0.0000
  0.0000
  0.0000
  0.0000
  0.0000
  0.0000
  0.0000
  0.0000
  0.0000
  0.0000
  0.0000
  0.0000
  0.0000
  0.0000
  0.0000
  0.0000
  0.0000
  0.0000
  0.0000
  0.0000
  0.0000
  0.0000
  0.0000
  0.0000
  0.0000
  0.0000
  0.0000
  0.0000
  0.0000
  0.0000
  0.0000
  0.0000
  0.0000
  0.0000
  0.0000
  0.0000
  0.0000
  0.0000
  0.0000
  0.0000
  0.0000
  0.0000
  0.0000
  0.0000
  0.0000
  0.0000
  0.0000
  0.0000
  0.0000
  0.0000
  0.0000
  0.0000
  0.0000
  0.0000
  0.0000
  0.0000
  0.0000
  0.0000
  0.0000
  0.0000
  0.0000
  0.0000
  0.0000
  0.0000
  0.0000
  0.0000
  0.0000
  0.0000
  0.0000
  0.0000
  0.0000
  0.0000
  0.0000
  0.0000
  0.0000
  0.0000
  0.0000
  0.0000
  0.0000
  0.0000
  0.0000
  0.0000
  0.0000
  0.0000
  0.0000
  0.0000
  0.0000
  0.0000
  0.0000
  0.0000
 -0.0000
  0.0000
 -0.0000
  0.0000
 -0.0000
  0.0000
 -0.0000
  0.0000
 -0.0000
  0.0000
 -0.0000
  0.0000
 -0.0000
  0.0000
 -0.0000
  0.0000
 -0.0000
  0.0000
 -0.0000
  0.0000
 -0.0000
  0.0000
 -0.0000
  0.0000
 -0.0000
  0.0000
 -0.0000
  0.0000
 -0.0000
  0.0000
 -0.0000
  0.0000
 -0.0000
  0.0000
 -0.0000
  0.0000
 -0.0000
  0.0000
 -0.0000
  0.0000
 -0.0000
  0.0000
 -0.0000
  0.0000
 -0.0000
  0.0000
 -0.0000
  0.0000
 -0.0000
  0.0000
 -0.0000
  0.0000
 -0.0000
  0.0000
 -0.0000
  0.0000
 -0.0000
  0.0000
 -0.0000
  0.0000
 -0.0000
  0.0000
 -0.0000
  0.0000
 -0.0000
  0.0000
 -0.0000
  0.0000
 -0.0000
  0.0000
 -0.0000
  0.0000
 -0.0000
  0.0000
 -0.0000
  0.0000
 -0.0000
  0.0000
 -0.0000
  0.0000
 -0.0000
  0.0000
 -0.0000
  0.0000
 -0.0000
  0.0000
 -0.0000
  0.0000
 -0.0000
  0.0000
 -0.0000
  0.0000
 -0.0000
  0.0000
 -0.0000
  0.0000
 -0.0000
  0.0000
 -0.0000
  0.0000
 -0.0000
  0.0000
 -0.0000
  0.0000
 -0.0000
  0.0000
 -0.0000
  0.0000
 -0.0000
  0.0000
 -0.0000
  0.0000
 -0.0000
  0.0000
 -0.0000
  0.0000
 -0.0000
  0.0000
 -0.0000
  0.0000
 -0.0000
  0.0000
 -0.0000
  0.0000
 -0.0000
  0.0000
 -0.0000
  0.0000
 -0.0000
  0.0000
 -0.0000
  0.0000
 -0.0000
  0.0000
 -0.0000
  0.0000
 -0.0000
  0.0000
 -0.0000
  0.0000
 -0.0000
  0.0000
 -0.0000
  0.0000
 -0.0000
  0.0000
 -0.0000
  0.0000
 -0.0000
  0.0000
 -0.0000
  0.0000
 -0.0000
  0.0000
 -0.0000
  0.0000
 -0.0000
  0.0000
 -0.0000
  0.0000
 -0.0000
  0.0000
 -0.0000
  0.0000
 -0.0000
  0.0000
 -0.0000
  0.0000
 -0.0000
  0.0000
 -0.0000
  0.0000
 -0.0000
  0.0000
 -0.0000
  0.0000
 -0.0000
  0.0000
 -0.0000
  0.0000
 -0.0000
  0.0000
 -0.0000
  0.0000
 -0.0000
  0.0000
 -0.0000
  0.0000
 -0.0000
  0.0000
 -0.0000
  0.0000
 -0.0000
  0.0000
 -0.0000
  0.0000
 -0.0000
  0.0000
 -0.0000
  0.0000
 -0.0000
  0.0000
 -0.0000
  0.0000
 -0.0000
  0.0000
 -0.0000
  0.0000
 -0.0000
  0.0000
 -0.0000
  0.0000
 -0.0000
  0.0000
 -0.0000
  0.0000
 -0.0000
  0.0000
 -0.0000
  0.0000
 -0.0000
  0.0000
 -0.0000
  0.0000
 -0.0000
  0.0000
 -0.0000
  0.0000
 -0.0000
  0.0000
 -0.0000
  0.0000
 -0.0000
  0.0000
 -0.0000
  0.0000
 -0.0000
  0.0000
 -0.0000
  0.0000
 -0.0000
  0.0000
 -0.0000
  0.0000
 -0.0000
  0.0000
 -0.0000
  0.0000
 -0.0000
  0.0000
 -0.0000
  0.0000
 -0.0000
  0.0000
 -0.0000
  0.0000
 -0.0000
  0.0000
 -0.0000
  0.0000
 -0.0000
  0.0000
 -0.0000
  0.0000
 -0.0000
  0.0000
 -0.0000
  0.0000
 -0.0000
  0.0000
 -0.0000
  0.0000
 -0.0000
  0.0000
 -0.0000
  0.0000
 -0.0000
  0.0000
 -0.0000
  0.0000
 -0.0000
  0.0000
 -0.0000
  0.0000
 -0.0000
  0.0000
 -0.0000
  0.0000
 -0.0000
  0.0000
 -0.0000
  0.0000
 -0.0000
  0.0000
 -0.0000
  0.0000
 -0.0000
  0.0000
 -0.0000
  0.0000
 -0.0000
  0.0000
 -0.0000
  0.0000
 -0.0000
  0.0000
 -0.0000
  0.0000
 -0.0000
  0.0000
 -0.0000
  0.0000
 -0.0000
  0.0000
 -0.0000
  0.0000
 -0.0000
  0.0000
 -0.0000
  0.0000
 -0.0000
  0.0000
 -0.0000
  0.0000
 -0.0000
  0.0000
 -0.0000
  0.0000
 -0.0000
  0.0000
 -0.0000
  0.0000
 -0.0000
  0.0000
 -0.0000
  0.0000
 -0.0000
  0.0000
 -0.0000
  0.0000
 -0.0000
  0.0000
 -0.0000
  0.0000
 -0.0000
  0.0000
 -0.0000
  0.0000
 -0.0000
  0.0000
 -0.0000
  0.0000
 -0.0000
  0.0000
 -0.0000
  0.0000
 -0.0000
  0.0000
 -0.0000
  0.0000
 -0.0000
  0.0000
 -0.0000
  0.0000
 -0.0000
  0.0000
 -0.0000
  0.0000
 -0.0000
  0.0000
 -0.0000
  0.0000
 -0.0000
  0.0000
 -0.0000
  0.0000
 -0.0000
  0.0000
 -0.0000
  0.0000
 -0.0000
  0.0000
 -0.0000
  0.0000
 -0.0000
  0.0000
 -0.0000
  0.0000
 -0.0000
  0.0000
 -0.0000
  0.0000
 -0.0000
  0.0000
 -0.0000
  0.0000
 -0.0000
  0.0000
 -0.0000
  0.0000
 -0.0000
  0.0000
 -0.0000
  0.0000
 -0.0000
  0.0000
 -0.0000
  0.0000
 -0.0000
  0.0000
 -0.0000
  0.0000
 -0.0000
  0.0000
 -0.0000
  0.0000
 -0.0000
  0.0000
 -0.0000
  0.0000
 -0.0000
  0.0000
 -0.0000
  0.0000
 -0.0000
  0.0000
 -0.0000
  0.0000
 -0.0000
  0.0000
 -0.0000
  0.0000
 -0.0000
  0.0000
 -0.0000
  0.0000
 -0.0000
  0.0000
 -0.0000
  0.0000
 -0.0000
  0.0000
 -0.0000
  0.0000
 -0.0000
  0.0000
 -0.0000
  0.0000
 -0.0000
  0.0000
 -0.0000
  0.0000
 -0.0000
  0.0000
 -0.0000
  0.0000
 -0.0000
  0.0000
 -0.0000
  0.0000
 -0.0000
  0.0000
 -0.0000
  0.0000
 -0.0000
  0.0000
 -0.0000
  0.0000
 -0.0000
  0.0000
 -0.0000
  0.0000
 -0.0000
  0.0000
 -0.0000
  0.0000
 -0.0000
  0.0000
 -0.0000
  0.0000
 -0.0000
  0.0000
 -0.0000
  0.0000
 -0.0000
  0.0000
 -0.0000
  0.0000
 -0.0000
  0.0000
 -0.0000
  0.0000
 -0.0000
  0.0000
 -0.0000
  0.0000
 -0.0000
  0.0000
 -0.0000
  0.0000
 -0.0000
  0.0000
 -0.0000
  0.0000
 -0.0000
  0.0000
 -0.0000
  0.0000
 -0.0000
  0.0000
 -0.0000
  0.0000
 -0.0000
  0.0000
 -0.0000
  0.0000
 -0.0000
  0.0000
 -0.0000
  0.0000
 -0.0000
  0.0000
 -0.0000
  0.0000
 -0.0000
  0.0000
 -0.0000
  0.0000
 -0.0000
  0.0000
 -0.0000
  0.0000
 -0.0000
  0.0000
 -0.0000
  0.0000
 -0.0000
  0.0000
 -0.0000
  0.0000
 -0.0000
  0.0000
 -0.0000
  0.0000
 -0.0000
  0.0000
 -0.0000
  0.0000
 -0.0000
  0.0000
 -0.0000
 -0.0000
  0.0000
 -0.0000
  0.0000
 -0.0000
  0.0000
 -0.0000
  0.0000
 -0.0000
  0.0000
  0.0000
 -0.0000
  0.0000
 -0.0000
  0.0000
 -0.0000
  0.0000
 -0.0000
 -0.0000
  0.0000
 -0.0000
  0.0000
 -0.0000
  0.0000
  0.0000
 -0.0000
  0.0000
 -0.0000
  0.0000
 -0.0000
  0.0000
  0.0000
 -0.0000
  0.0000
 -0.0000
  0.0000
 -0.0000
 -0.0000
  0.0000
 -0.0000
  0.0000
 -0.0000
 -0.0000
  0.0000
 -0.0000
  0.0000
 -0.0000
  0.0000
  0.0000
 -0.0000
  0.0000
 -0.0000
  0.0000
  0.0000
 -0.0000
  0.0000
 -0.0000
  0.0000
  0.0000
 -0.0000
  0.0000
 -0.0000
 -0.0000
  0.0000
 -0.0000
  0.0000
 -0.0000
 -0.0000
  0.0000
 -0.0000
  0.0000
  0.0000
 -0.0000
  0.0000
 -0.0000
  0.0000
  0.0000
 -0.0000
  0.0000
 -0.0000
 -0.0000
  0.0000
 -0.0000
  0.0000
  0.0000
 -0.0000
  0.0000
 -0.0000
 -0.0000
  0.0000
 -0.0000
  0.0000
  0.0000
 -0.0000
  0.0000
 -0.0000
 -0.0000
  0.0000
 -0.0000
  0.0000
  0.0000
 -0.0000
  0.0000
 -0.0000
 -0.0000
  0.0000
 -0.0000
 -0.0000
  0.0000
 -0.0000
  0.0000
  0.0000
 -0.0000
  0.0000
 -0.0000
 -0.0000
  0.0000
 -0.0000
 -0.0000
  0.0000
 -0.0000
  0.0000
  0.0000
 -0.0000
  0.0000
  0.0000
 -0.0000
  0.0000
 -0.0000
 -0.0000
  0.0000
 -0.0000
 -0.0000
  0.0000
 -0.0000
  0.0000
  0.0000
 -0.0000
  0.0000
  0.0000
 -0.0000
  0.0000
  0.0000
 -0.0000
  0.0000
 -0.0000
 -0.0000
  0.0000
 -0.0000
 -0.0000
  0.0000
 -0.0000
 -0.0000
  0.0000
 -0.0000
 -0.0000
  0.0000
 -0.0000
 -0.0000
  0.0000
 -0.0000
  0.0000
  0.0000
 -0.0000
  0.0000
  0.0000
 -0.0000
  0.0000
  0.0000
 -0.0000
  0.0000
  0.0000
 -0.0000
  0.0000
  0.0000
 -0.0000
  0.0000
  0.0000
 -0.0000
  0.0000
  0.0000
 -0.0000
  0.0000
  0.0000
 -0.0000
  0.0000
  0.0000
 -0.0000
  0.0000
  0.0000
 -0.0000
  0.0000
  0.0000
 -0.0000
 -0.0000
  0.0000
 -0.0000
 -0.0000
  0.0000
 -0.0000
 -0.0000
  0.0000
 -0.0000
 -0.0000
  0.0000
 -0.0000
 -0.0000
  0.0000
 -0.0000
 -0.0000
  0.0000
  0.0000
 -0.0000
  0.0000
  0.0000
 -0.0000
  0.0000
  0.0000
 -0.0000
  0.0000
  0.0000
 -0.0000
 -0.0000
  0.0000
 -0.0000
 -0.0000
  0.0000
 -0.0000
 -0.0000
  0.0000
  0.0000
 -0.0000
  0.0000
  0.0000
 -0.0000
  0.0000
  0.0000
 -0.0000
 -0.0000
  0.0000
 -0.0000
 -0.0000
  0.0000
 -0.0000
 -0.0000
  0.0000
  0.0000
 -0.0000
  0.0000
  0.0000
 -0.0000
 -0.0000
  0.0000
 -0.0000
 -0.0000
  0.0000
 -0.0000
 -0.0000
  0.0000
  0.0000
 -0.0000
  0.0000
  0.0000
 -0.0000
 -0.0000
  0.0000
 -0.0000
 -0.0000
  0.0000
  0.0000
 -0.0000
  0.0000
  0.0000
 -0.0000
 -0.0000
  0.0000
 -0.0000
 -0.0000
  0.0000
  0.0000
 -0.0000
  0.0000
  0.0000
 -0.0000
 -0.0000
  0.0000
  0.0000
 -0.0000
  0.0000
  0.0000
 -0.0000
 -0.0000
  0.0000
 -0.0000
 -0.0000
  0.0000
  0.0000
 -0.0000
 -0.0000
  0.0000
 -0.0000
 -0.0000
  0.0000
  0.0000
 -0.0000
  0.0000
  0.0000
 -0.0000
 -0.0000
  0.0000
  0.0000
 -0.0000
  0.0000
  0.0000
 -0.0000
 -0.0000
  0.0000
  0.0000
 -0.0000
  0.0000
  0.0000
 -0.0000
 -0.0000
  0.0000
  0.0000
 -0.0000
  0.0000
  0.0000
 -0.0000
 -0.0000
  0.0000
  0.0000
 -0.0000
 -0.0000
  0.0000
 -0.0000
 -0.0000
  0.0000
  0.0000
 -0.0000
 -0.0000
  0.0000
 -0.0000
 -0.0000
  0.0000
  0.0000
 -0.0000
 -0.0000
  0.0000
  0.0000
 -0.0000
  0.0000
  0.0000
 -0.0000
 -0.0000
  0.0000
  0.0000
 -0.0000
 -0.0000
  0.0000
  0.0000
 -0.0000
  0.0000
  0.0000
 -0.0000
 -0.0000
  0.0000
  0.0000
 -0.0000
 -0.0000
  0.0000
  0.0000
 -0.0000
  0.0000
  0.0000
 -0.0000
 -0.0000
  0.0000
  0.0000
 -0.0000
 -0.0000
  0.0000
  0.0000
 -0.0000
 -0.0000
  0.0000
  0.0000
 -0.0000
  0.0000
  0.0000
 -0.0000
 -0.0000
  0.0000
  0.0000
 -0.0000
 -0.0000
  0.0000
  0.0000
 -0.0000
 -0.0000
  0.0000
  0.0000
 -0.0000
 -0.0000
  0.0000
 -0.0000
 -0.0000
  0.0000
  0.0000
 -0.0000
 -0.0000
  0.0000
  0.0000
 -0.0000
 -0.0000
  0.0000
  0.0000
 -0.0000
 -0.0000
  0.0000
  0.0000
 -0.0000
 -0.0000
  0.0000
  0.0000
 -0.0000
 -0.0000
  0.0000
  0.0000
 -0.0000
 -0.0000
  0.0000
  0.0000
 -0.0000
  0.0000
  0.0000
 -0.0000
 -0.0000
  0.0000
  0.0000
 -0.0000
 -0.0000
  0.0000
  0.0000
 -0.0000
 -0.0000
  0.0000
  0.0000
 -0.0000
 -0.0000
  0.0000
  0.0000
 -0.0000
 -0.0000
  0.0000
  0.0000
 -0.0000
 -0.0000
  0.0000
  0.0000
 -0.0000
 -0.0000
  0.0000
  0.0000
 -0.0000
 -0.0000
  0.0000
  0.0000
 -0.0000
 -0.0000
  0.0000
  0.0000
 -0.0000
 -0.0000
  0.0000
  0.0000
 -0.0000
 -0.0000
 -0.0000
  0.0000
  0.0000
 -0.0000
 -0.0000
  0.0000
  0.0000
 -0.0000
 -0.0000
  0.0000
  0.0000
 -0.0000
 -0.0000
  0.0000
  0.0000
 -0.0000
 -0.0000
  0.0000
  0.0000
 -0.0000
 -0.0000
  0.0000
  0.0000
 -0.0000
 -0.0000
  0.0000
  0.0000
 -0.0000
 -0.0000
 -0.0000
  0.0000
  0.0000
 -0.0000
 -0.0000
  0.0000
  0.0000
 -0.0000
 -0.0000
  0.0000
  0.0000
 -0.0000
 -0.0000
  0.0000
  0.0000
 -0.0000
 -0.0000
  0.0000
  0.0000
  0.0000
 -0.0000
 -0.0000
  0.0000
  0.0000
 -0.0000
 -0.0000
  0.0000
  0.0000
 -0.0000
 -0.0000
  0.0000
  0.0000
 -0.0000
 -0.0000
 -0.0000
  0.0000
  0.0000
 -0.0000
 -0.0000
  0.0000
  0.0000
 -0.0000
 -0.0000
  0.0000
  0.0000
 -0.0000
 -0.0000
 -0.0000
  0.0000
  0.0000
 -0.0000
 -0.0000
  0.0000
  0.0000
 -0.0000
 -0.0000
  0.0000
  0.0000
  0.0000
 -0.0000
 -0.0000
  0.0000
  0.0000
 -0.0000
 -0.0000
  0.0000
  0.0000
  0.0000
 -0.0000
 -0.0000
  0.0000
  0.0000
 -0.0000
 -0.0000
  0.0000
  0.0000
 -0.0000
 -0.0000
 -0.0000
  0.0000
  0.0000
 -0.0000
 -0.0000
  0.0000
  0.0000
 -0.0000
 -0.0000
 -0.0000
  0.0000
  0.0000
 -0.0000
 -0.0000
  0.0000
  0.0000
  0.0000
 -0.0000
 -0.0000
  0.0000
  0.0000
 -0.0000
 -0.0000
  0.0000
  0.0000
  0.0000
 -0.0000
 -0.0000
  0.0000
  0.0000
 -0.0000
 -0.0000
 -0.0000
  0.0000
  0.0000
 -0.0000
 -0.0000
  0.0000
  0.0000
  0.0000
 -0.0000
 -0.0000
  0.0000
  0.0000
 -0.0000
 -0.0000
 -0.0000
  0.0000
  0.0000
 -0.0000
 -0.0000
  0.0000
  0.0000
  0.0000
 -0.0000
 -0.0000
  0.0000
  0.0000
 -0.0000
 -0.0000
 -0.0000
  0.0000
  0.0000
 -0.0000
 -0.0000
  0.0000
  0.0000
  0.0000
 -0.0000
 -0.0000
  0.0000
  0.0000
  0.0000
 -0.0000
 -0.0000
  0.0000
  0.0000
 -0.0000
 -0.0000
 -0.0000
  0.0000
  0.0000
 -0.0000
 -0.0000
 -0.0000
  0.0000
  0.0000
 -0.0000
 -0.0000
  0.0000
  0.0000
  0.0000
 -0.0000
 -0.0000
  0.0000
  0.0000
  0.0000
 -0.0000
 -0.0000
  0.0000
  0.0000
  0.0000
 -0.0000
 -0.0000
  0.0000
  0.0000
  0.0000
 -0.0000
 -0.0000
  0.0000
  0.0000
 -0.0000
 -0.0000
 -0.0000
  0.0000
  0.0000
 -0.0000
 -0.0000
 -0.0000
  0.0000
  0.0000
 -0.0000
 -0.0000
 -0.0000
  0.0000
  0.0000
 -0.0000
 -0.0000
 -0.0000
  0.0000
  0.0000
 -0.0000
 -0.0000
 -0.0000
  0.0000
  0.0000
 -0.0000
 -0.0000
 -0.0000
  0.0000
  0.0000
  0.0000
 -0.0000
 -0.0000
  0.0000
  0.0000
  0.0000
 -0.0000
 -0.0000
  0.0000
  0.0000
  0.0000
 -0.0000
 -0.0000
  0.0000
  0.0000
  0.0000
 -0.0000
 -0.0000
  0.0000
  0.0000
  0.0000
 -0.0000
 -0.0000
 -0.0000
  0.0000
  0.0000
 -0.0000
 -0.0000
 -0.0000
  0.0000
  0.0000
 -0.0000
 -0.0000
 -0.0000
  0.0000
  0.0000
  0.0000
 -0.0000
 -0.0000
  0.0000
  0.0000
  0.0000
 -0.0000
 -0.0000
  0.0000
  0.0000
  0.0000
 -0.0000
 -0.0000
 -0.0000
  0.0000
  0.0000
 -0.0000
 -0.0000
 -0.0000
  0.0000
  0.0000
  0.0000
 -0.0000
 -0.0000
  0.0000
  0.0000
  0.0000
 -0.0000
 -0.0000
 -0.0000
  0.0000
  0.0000
 -0.0000
 -0.0000
 -0.0000
  0.0000
  0.0000
  0.0000
 -0.0000
 -0.0000
  0.0000
  0.0000
  0.0000
 -0.0000
 -0.0000
 -0.0000
  0.0000
  0.0000
  0.0000
 -0.0000
 -0.0000
  0.0000
  0.0000
  0.0000
 -0.0000
 -0.0000
 -0.0000
  0.0000
  0.0000
  0.0000
 -0.0000
 -0.0000
  0.0000
  0.0000
  0.0000
 -0.0000
 -0.0000
 -0.0000
  0.0000
  0.0000
  0.0000
 -0.0000
 -0.0000
  0.0000
  0.0000
  0.0000
 -0.0000
 -0.0000
 -0.0000
  0.0000
  0.0000
  0.0000
 -0.0000
 -0.0000
 -0.0000
  0.0000
  0.0000
 -0.0000
 -0.0000
 -0.0000
  0.0000
  0.0000
  0.0000
 -0.0000
 -0.0000
 -0.0000
  0.0000
  0.0000
  0.0000
 -0.0000
 -0.0000
 -0.0000
  0.0000
  0.0000
 -0.0000
 -0.0000
 -0.0000
  0.0000
  0.0000
  0.0000
 -0.0000
 -0.0000
 -0.0000
  0.0000
  0.0000
  0.0000
 -0.0000
 -0.0000
 -0.0000
  0.0000
  0.0000
  0.0000
 -0.0000
 -0.0000
 -0.0000
  0.0000
  0.0000
  0.0000
 -0.0000
 -0.0000
  0.0000
  0.0000
  0.0000
 -0.0000
 -0.0000
 -0.0000
  0.0000
  0.0000
  0.0000
 -0.0000
 -0.0000
 -0.0000
  0.0000
  0.0000
  0.0000
 -0.0000
 -0.0000
 -0.0000
  0.0000
  0.0000
  0.0000
 -0.0000
 -0.0000
 -0.0000
  0.0000
  0.0000
  0.0000
 -0.0000
 -0.0000
 -0.0000
  0.0000
  0.0000
  0.0000
 -0.0000
 -0.0000
 -0.0000
  0.0000
  0.0000
  0.0000
 -0.0000
 -0.0000
 -0.0000
  0.0000
  0.0000
  0.0000
 -0.0000
 -0.0000
 -0.0000
  0.0000
  0.0000
  0.0000
 -0.0000
 -0.0000
 -0.0000
  0.0000
  0.0000
  0.0000
 -0.0000
 -0.0000
 -0.0000
  0.0000
  0.0000
  0.0000
 -0.0000
 -0.0000
 -0.0000
 -0.0000
  0.0000
  0.0000
  0.0000
 -0.0000
 -0.0000
 -0.0000
  0.0000
  0.0000
  0.0000
 -0.0000
 -0.0000
 -0.0000
  0.0000
  0.0000
  0.0000
 -0.0000
 -0.0000
 -0.0000
  0.0000
  0.0000
  0.0000
 -0.0000
 -0.0000
 -0.0000
 -0.0000
  0.0000
  0.0000
  0.0000
 -0.0000
 -0.0000
 -0.0000
  0.0000
  0.0000
  0.0000
 -0.0000
 -0.0000
 -0.0000
  0.0000
  0.0000
  0.0000
 -0.0000
 -0.0000
 -0.0000
 -0.0000
  0.0000
  0.0000
  0.0000
 -0.0000
 -0.0000
 -0.0000
  0.0000
  0.0000
  0.0000
 -0.0000
 -0.0000
 -0.0000
 -0.0000
  0.0000
  0.0000
  0.0000
 -0.0000
 -0.0000
 -0.0000
  0.0000
  0.0000
  0.0000
 -0.0000
 -0.0000
 -0.0000
 -0.0000
  0.0000
  0.0000
  0.0000
 -0.0000
 -0.0000
 -0.0000
  0.0000
  0.0000
  0.0000
 -0.0000
 -0.0000
 -0.0000
 -0.0000
  0.0000
  0.0000
  0.0000
 -0.0000
 -0.0000
 -0.0000
  0.0000
  0.0000
  0.0000
  0.0000
 -0.0000
 -0.0000
 -0.0000
  0.0000
  0.0000
  0.0000
  0.0000
 -0.0000
 -0.0000
 -0.0000
  0.0000
  0.0000
  0.0000
 -0.0000
 -0.0000
 -0.0000
 -0.0000
  0.0000
  0.0000
  0.0000
 -0.0000
 -0.0000
 -0.0000
 -0.0000
  0.0000
  0.0000
  0.0000
 -0.0000
 -0.0000
 -0.0000
  0.0000
  0.0000
  0.0000
  0.0000
 -0.0000
 -0.0000
 -0.0000
  0.0000
  0.0000
  0.0000
  0.0000
 -0.0000
 -0.0000
 -0.0000
  0.0000
  0.0000
  0.0000
  0.0000
 -0.0000
 -0.0000
 -0.0000
  0.0000
  0.0000
  0.0000
  0.0000
 -0.0000
 -0.0000
 -0.0000
  0.0000
  0.0000
  0.0000
  0.0000
 -0.0000
 -0.0000
 -0.0000
  0.0000
  0.0000
  0.0000
  0.0000
 -0.0000
 -0.0000
 -0.0000
  0.0000
  0.0000
  0.0000
  0.0000
 -0.0000
 -0.0000
 -0.0000
 -0.0000
  0.0000
  0.0000
  0.0000
 -0.0000
 -0.0000
 -0.0000
 -0.0000
  0.0000
  0.0000
  0.0000
 -0.0000
 -0.0000
 -0.0000
 -0.0000
  0.0000
  0.0000
  0.0000
  0.0000
 -0.0000
 -0.0000
 -0.0000
  0.0000
  0.0000
  0.0000
  0.0000
 -0.0000
 -0.0000
 -0.0000
 -0.0000
  0.0000
  0.0000
  0.0000
 -0.0000
 -0.0000
 -0.0000
 -0.0000
  0.0000
  0.0000
  0.0000
  0.0000
 -0.0000
 -0.0000
 -0.0000
 -0.0000
  0.0000
  0.0000
  0.0000
 -0.0000
 -0.0000
 -0.0000
 -0.0000
  0.0000
  0.0000
  0.0000
  0.0000
 -0.0000
 -0.0000
 -0.0000
 -0.0000
  0.0000
  0.0000
  0.0000
  0.0000
 -0.0000
 -0.0000
 -0.0000
  0.0000
  0.0000
  0.0000
  0.0000
 -0.0000
 -0.0000
 -0.0000
 -0.0000
  0.0000
  0.0000
  0.0000
  0.0000
 -0.0000
 -0.0000
 -0.0000
 -0.0000
  0.0000
  0.0000
  0.0000
  0.0000
 -0.0000
 -0.0000
 -0.0000
 -0.0000
  0.0000
  0.0000
  0.0000
 -0.0000
 -0.0000
 -0.0000
 -0.0000
  0.0000
  0.0000
  0.0000
  0.0000
 -0.0000
 -0.0000
 -0.0000
 -0.0000
  0.0000
  0.0000
  0.0000
  0.0000
 -0.0000
 -0.0000
 -0.0000
 -0.0000
  0.0000
  0.0000
  0.0000
  0.0000
 -0.0000
 -0.0000
 -0.0000
 -0.0000
  0.0000
  0.0000
  0.0000
  0.0000
 -0.0000
 -0.0000
 -0.0000
 -0.0000
  0.0000
  0.0000
  0.0000
  0.0000
 -0.0000
 -0.0000
 -0.0000
 -0.0000
  0.0000
  0.0000
  0.0000
  0.0000
  0.0000
 -0.0000
 -0.0000
 -0.0000
 -0.0000
  0.0000
  0.0000
  0.0000
  0.0000
 -0.0000
 -0.0000
 -0.0000
 -0.0000
  0.0000
  0.0000
  0.0000
  0.0000
 -0.0000
 -0.0000
 -0.0000
 -0.0000
  0.0000
  0.0000
  0.0000
  0.0000
 -0.0000
 -0.0000
 -0.0000
 -0.0000
 -0.0000
  0.0000
  0.0000
  0.0000
  0.0000
 -0.0000
 -0.0000
 -0.0000
 -0.0000
  0.0000
  0.0000
  0.0000
  0.0000
 -0.0000
 -0.0000
 -0.0000
 -0.0000
 -0.0000
  0.0000
  0.0000
  0.0000
  0.0000
 -0.0000
 -0.0000
 -0.0000
 -0.0000
  0.0000
  0.0000
  0.0000
  0.0000
  0.0000
 -0.0000
 -0.0000
 -0.0000
 -0.0000
  0.0000
  0.0000
  0.0000
  0.0000
 -0.0000
 -0.0000
 -0.0000
 -0.0000
 -0.0000
  0.0000
  0.0000
  0.0000
  0.0000
 -0.0000
 -0.0000
 -0.0000
 -0.0000
 -0.0000
  0.0000
  0.0000
  0.0000
  0.0000
 -0.0000
 -0.0000
 -0.0000
 -0.0000
  0.0000
  0.0000
  0.0000
  0.0000
  0.0000
 -0.0000
 -0.0000
 -0.0000
 -0.0000
  0.0000
  0.0000
  0.0000
  0.0000
  0.0000
 -0.0000
 -0.0000
 -0.0000
 -0.0000
 -0.0000
  0.0000
  0.0000
  0.0000
  0.0000
 -0.0000
 -0.0000
 -0.0000
 -0.0000
 -0.0000
  0.0000
  0.0000
  0.0000
  0.0000
 -0.0000
 -0.0000
 -0.0000
 -0.0000
 -0.0000
  0.0000
  0.0000
  0.0000
  0.0000
  0.0000
 -0.0000
 -0.0000
 -0.0000
 -0.0000
  0.0000
  0.0000
  0.0000
  0.0000
  0.0000
 -0.0000
 -0.0000
 -0.0000
 -0.0000
 -0.0000
  0.0000
  0.0000
  0.0000
  0.0000
 -0.0000
 -0.0000
 -0.0000
 -0.0000
 -0.0000
  0.0000
  0.0000
  0.0000
  0.0000
  0.0000
 -0.0000
 -0.0000
 -0.0000
 -0.0000
 -0.0000
  0.0000
  0.0000
  0.0000
  0.0000
  0.0000
 -0.0000
 -0.0000
 -0.0000
 -0.0000
  0.0000
  0.0000
  0.0000
  0.0000
  0.0000
 -0.0000
 -0.0000
 -0.0000
 -0.0000
 -0.0000
  0.0000
  0.0000
  0.0000
  0.0000
  0.0000
 -0.0000
 -0.0000
 -0.0000
 -0.0000
 -0.0000
  0.0000
  0.0000
  0.0000
  0.0000
  0.0000
 -0.0000
 -0.0000
 -0.0000
 -0.0000
 -0.0000
  0.0000
  0.0000
  0.0000
  0.0000
  0.0000
 -0.0000
 -0.0000
 -0.0000
 -0.0000
 -0.0000
  0.0000
  0.0000
  0.0000
  0.0000
  0.0000
 -0.0000
 -0.0000
 -0.0000
 -0.0000
 -0.0000
 -0.0000
  0.0000
  0.0000
  0.0000
  0.0000
  0.0000
 -0.0000
 -0.0000
 -0.0000
 -0.0000
 -0.0000
  0.0000
  0.0000
  0.0000
  0.0000
  0.0000
 -0.0000
 -0.0000
 -0.0000
 -0.0000
 -0.0000
  0.0000
  0.0000
  0.0000
  0.0000
  0.0000
  0.0000
 -0.0000
 -0.0000
 -0.0000
 -0.0000
 -0.0000
  0.0000
  0.0000
  0.0000
  0.0000
  0.0000
 -0.0000
 -0.0000
 -0.0000
 -0.0000
 -0.0000
 -0.0000
  0.0000
  0.0000
  0.0000
  0.0000
  0.0000
 -0.0000
 -0.0000
 -0.0000
 -0.0000
 -0.0000
  0.0000
  0.0000
  0.0000
  0.0001
  0.0000
  0.0000
 -0.0000
 -0.0000
 -0.0001
 -0.0000
 -0.0000
  0.0000
  0.0000
  0.0000
  0.0001
  0.0000
  0.0000
 -0.0000
 -0.0000
 -0.0001
 -0.0001
 -0.0000
 -0.0000
  0.0000
  0.0000
  0.0001
  0.0000
  0.0000
 -0.0000
 -0.0000
 -0.0001
 -0.0001
 -0.0000
 -0.0000
  0.0000
  0.0000
  0.0001
  0.0001
  0.0000
  0.0000
 -0.0000
 -0.0001
 -0.0001
 -0.0000
 -0.0000
  0.0000
  0.0000
  0.0001
  0.0001
  0.0000
  0.0000
 -0.0000
 -0.0000
 -0.0001
 -0.0001
 -0.0000
 -0.0000
  0.0000
  0.0001
  0.0001
  0.0001
  0.0000
  0.0000
 -0.0000
 -0.0001
 -0.0001
 -0.0001
 -0.0000
 -0.0000
  0.0000
  0.0001
  0.0001
  0.0001
  0.0000
 -0.0000
 -0.0000
 -0.0001
 -0.0001
 -0.0001
 -0.0000
  0.0000
  0.0000
  0.0001
  0.0001
  0.0001
  0.0000
 -0.0000
 -0.0000
 -0.0001
 -0.0001
 -0.0001
 -0.0000
  0.0000
  0.0000
  0.0001
  0.0001
  0.0001
  0.0000
  0.0000
 -0.0000
 -0.0001
 -0.0001
 -0.0001
 -0.0000
 -0.0000
  0.0000
  0.0001
  0.0001
  0.0001
  0.0001
  0.0000
 -0.0000
 -0.0001
 -0.0001
 -0.0001
 -0.0001
 -0.0000
  0.0000
  0.0001
  0.0001
  0.0001
  0.0001
  0.0000
 -0.0000
 -0.0000
 -0.0001
 -0.0001
 -0.0001
 -0.0000
 -0.0000
  0.0000
  0.0001
  0.0001
  0.0001
  0.0001
  0.0000
 -0.0000
 -0.0001
 -0.0001
 -0.0001
 -0.0001
 -0.0000
 -0.0000
  0.0000
  0.0001
  0.0001
  0.0001
  0.0001
  0.0000
 -0.0000
 -0.0001
 -0.0001
 -0.0001
 -0.0001
 -0.0000
 -0.0000
  0.0000
  0.0001
  0.0001
  0.0001
  0.0001
  0.0000
 -0.0000
 -0.0001
 -0.0001
 -0.0001
 -0.0001
 -0.0001
 -0.0000
  0.0000
  0.0001
  0.0001
  0.0001
  0.0001
  0.0001
  0.0000
 -0.0000
 -0.0001
 -0.0001
 -0.0001
 -0.0001
 -0.0000
  0.0000
  0.0001
  0.0001
  0.0001
  0.0001
  0.0001
  0.0000
 -0.0000
 -0.0001
 -0.0001
 -0.0001
 -0.0001
 -0.0001
 -0.0000
  0.0000
  0.0001
  0.0001
  0.0001
  0.0001
  0.0001
  0.0000
 -0.0000
 -0.0001
 -0.0001
 -0.0001
 -0.0001
 -0.0001
 -0.0000
  0.0000
  0.0001
  0.0001
  0.0001
  0.0001
  0.0001
  0.0000
 -0.0000
 -0.0001
 -0.0001
 -0.0001
 -0.0001
 -0.0001
 -0.0001
  0.0000
  0.0001
  0.0001
  0.0001
  0.0001
  0.0001
  0.0001
  0.0000
 -0.0000
 -0.0001
 -0.0001
 -0.0001
 -0.0001
 -0.0001
 -0.0000
  0.0000
  0.0001
  0.0001
  0.0001
  0.0001
  0.0001
  0.0001
 -0.0000
 -0.0001
 -0.0001
 -0.0001
 -0.0001
 -0.0001
 -0.0001
 -0.0000
  0.0000
  0.0001
  0.0001
  0.0002
  0.0001
  0.0001
  0.0001
 -0.0000
 -0.0001
 -0.0001
 -0.0001
 -0.0002
 -0.0001
 -0.0001
 -0.0000
  0.0000
  0.0001
  0.0001
  0.0002
  0.0002
  0.0001
  0.0001
  0.0000
 -0.0000
 -0.0001
 -0.0001
 -0.0002
 -0.0002
 -0.0001
 -0.0001
 -0.0000
  0.0001
  0.0001
  0.0002
  0.0002
  0.0002
  0.0001
  0.0001
  0.0000
 -0.0001
 -0.0001
 -0.0002
 -0.0002
 -0.0002
 -0.0001
 -0.0001
 -0.0000
  0.0001
  0.0001
  0.0002
  0.0002
  0.0002
  0.0001
  0.0001
  0.0000
 -0.0001
 -0.0001
 -0.0002
 -0.0002
 -0.0002
 -0.0002
 -0.0001
 -0.0000
  0.0000
  0.0001
  0.0002
  0.0002
  0.0002
  0.0002
  0.0001
  0.0001
 -0.0000
 -0.0001
 -0.0002
 -0.0002
 -0.0002
 -0.0002
 -0.0002
 -0.0001
 -0.0000
  0.0001
  0.0001
  0.0002
  0.0002
  0.0002
  0.0002
  0.0001
  0.0001
 -0.0000
 -0.0001
 -0.0002
 -0.0002
 -0.0002
 -0.0002
 -0.0002
 -0.0001
 -0.0000
  0.0000
  0.0001
  0.0002
  0.0002
  0.0003
  0.0002
  0.0002
  0.0001
  0.0000
 -0.0001
 -0.0002
 -0.0002
 -0.0003
 -0.0003
 -0.0002
 -0.0002
 -0.0001
 -0.0000
  0.0001
  0.0002
  0.0002
  0.0003
  0.0003
  0.0003
  0.0002
  0.0001
  0.0000
 -0.0001
 -0.0002
 -0.0002
 -0.0003
 -0.0003
 -0.0003
 -0.0002
 -0.0001
 -0.0000
  0.0001
  0.0002
  0.0002
  0.0003
  0.0003
  0.0003
  0.0003
  0.0002
  0.0001
 -0.0000
 -0.0001
 -0.0002
 -0.0003
 -0.0003
 -0.0003
 -0.0003
 -0.0002
 -0.0001
 -0.0000
  0.0001
  0.0002
  0.0003
  0.0003
  0.0004
  0.0003
  0.0003
  0.0002
  0.0001
  0.0000
 -0.0001
 -0.0002
 -0.0003
 -0.0004
 -0.0004
 -0.0004
 -0.0003
 -0.0002
 -0.0001
  0.0000
  0.0001
  0.0002
  0.0003
  0.0004
  0.0004
  0.0004
  0.0003
  0.0002
  0.0001
 -0.0000
 -0.0001
 -0.0003
 -0.0003
 -0.0004
 -0.0004
 -0.0004
 -0.0004
 -0.0003
 -0.0002
 -0.0000
  0.0001
  0.0002
  0.0003
  0.0004
  0.0005
  0.0005
  0.0004
  0.0003
  0.0002
  0.0001
 -0.0001
 -0.0002
 -0.0003
 -0.0004
 -0.0005
 -0.0005
 -0.0005
 -0.0004
 -0.0003
 -0.0002
 -0.0000
  0.0001
  0.0003
  0.0004
  0.0005
  0.0005
  0.0005
  0.0005
  0.0004
  0.0003
  0.0002
  0.0000
 -0.0001
 -0.0003
 -0.0004
 -0.0005
 -0.0006
 -0.0006
 -0.0005
 -0.0005
 -0.0003
 -0.0002
 -0.0000
  0.0001
  0.0003
  0.0004
  0.0005
  0.0006
  0.0006
  0.0006
  0.0005
  0.0004
  0.0003
  0.0001
 -0.0001
 -0.0002
 -0.0004
 -0.0005
 -0.0006
 -0.0007
 -0.0007
 -0.0006
 -0.0005
 -0.0004
 -0.0002
 -0.0001
  0.0001
  0.0003
  0.0005
  0.0006
  0.0007
  0.0007
  0.0007
  0.0007
  0.0006
  0.0004
  0.0002
  0.0001
 -0.0001
 -0.0003
 -0.0005
 -0.0006
 -0.0007
 -0.0008
 -0.0008
 -0.0007
 -0.0006
 -0.0005
 -0.0003
 -0.0001
  0.0001
  0.0003
  0.0005
  0.0007
  0.0008
  0.0009
  0.0009
  0.0009
  0.0008
  0.0006
  0.0005
  0.0003
  0.0000
 -0.0002
 -0.0004
 -0.0006
 -0.0008
 -0.0009
 -0.0010
 -0.0010
 -0.0009
 -0.0008
 -0.0007
 -0.0005
 -0.0003
 -0.0001
  0.0002
  0.0004
  0.0007
  0.0008
  0.0010
  0.0011
  0.0011
  0.0011
  0.0010
  0.0008
  0.0007
  0.0004
  0.0002
 -0.0001
 -0.0004
 -0.0006
 -0.0008
 -0.0010
 -0.0011
 -0.0012
 -0.0012
 -0.0012
 -0.0011
 -0.0009
 -0.0007
 -0.0004
 -0.0002
  0.0001
  0.0004
  0.0007
  0.0009
  0.0011
  0.0013
  0.0014
  0.0014
  0.0014
  0.0013
  0.0011
  0.0009
  0.0006
  0.0003
 -0.0000
 -0.0003
 -0.0006
 -0.0009
 -0.0012
 -0.0014
 -0.0015
 -0.0016
 -0.0016
 -0.0015
 -0.0014
 -0.0012
 -0.0010
 -0.0007
 -0.0003
  0.0000
  0.0004
  0.0007
  0.0010
  0.0013
  0.0015
  0.0017
  0.0018
  0.0019
  0.0018
  0.0017
  0.0015
  0.0013
  0.0009
  0.0006
  0.0002
 -0.0002
 -0.0006
 -0.0009
 -0.0013
 -0.0016
 -0.0018
 -0.0020
 -0.0021
 -0.0022
 -0.0021
 -0.0020
 -0.0018
 -0.0015
 -0.0012
 -0.0008
 -0.0004
  0.0000
  0.0005
  0.0009
  0.0013
  0.0017
  0.0020
  0.0023
  0.0025
  0.0026
  0.0026
  0.0025
  0.0024
  0.0021
  0.0018
  0.0015
  0.0010
  0.0006
  0.0001
 -0.0004
 -0.0009
 -0.0014
 -0.0019
 -0.0023
 -0.0026
 -0.0029
 -0.0030
 -0.0031
 -0.0031
 -0.0030
 -0.0028
 -0.0026
 -0.0022
 -0.0018
 -0.0013
 -0.0007
 -0.0002
  0.0004
  0.0010
  0.0016
  0.0021
  0.0026
  0.0030
  0.0034
  0.0036
  0.0038
  0.0039
  0.0039
  0.0037
  0.0035
  0.0032
  0.0028
  0.0023
  0.0017
  0.0011
  0.0004
 -0.0003
 -0.0010
 -0.0016
 -0.0023
 -0.0029
 -0.0035
 -0.0040
 -0.0044
 -0.0047
 -0.0049
 -0.0050
 -0.0050
 -0.0048
 -0.0046
 -0.0042
 -0.0038
 -0.0032
 -0.0026
 -0.0019
 -0.0011
 -0.0003
  0.0005
  0.0014
  0.0022
  0.0030
  0.0038
  0.0045
  0.0051
  0.0056
  0.0060
  0.0064
  0.0066
  0.0066
  0.0066
  0.0064
  0.0061
  0.0056
  0.0051
  0.0044
  0.0036
  0.0028
  0.0018
  0.0008
 -0.0002
 -0.0012
 -0.0023
 -0.0033
 -0.0043
 -0.0053
 -0.0062
 -0.0070
 -0.0077
 -0.0083
 -0.0087
 -0.0090
 -0.0092
 -0.0093
 -0.0092
 -0.0089
 -0.0085
 -0.0079
 -0.0072
 -0.0064
 -0.0055
 -0.0044
 -0.0033
 -0.0020
 -0.0007
  0.0006
  0.0020
  0.0034
  0.0047
  0.0061
  0.0074
  0.0086
  0.0097
  0.0108
  0.0117
  0.0125
  0.0131
  0.0136
  0.0139
  0.0140
  0.0140
  0.0137
  0.0133
  0.0127
  0.0120
  0.0110
  0.0099
  0.0087
  0.0073
  0.0057
  0.0041
  0.0023
  0.0005
 -0.0014
 -0.0033
 -0.0052
 -0.0072
 -0.0091
 -0.0110
 -0.0128
 -0.0145
 -0.0162
 -0.0177
 -0.0191
 -0.0203
 -0.0213
 -0.0222
 -0.0229
 -0.0233
 -0.0236
 -0.0236
 -0.0234
 -0.0230
 -0.0223
 -0.0214
 -0.0202
 -0.0189
 -0.0173
 -0.0155
 -0.0135
 -0.0113
 -0.0090
 -0.0065
 -0.0038
 -0.0011
  0.0018
  0.0048
  0.0078
  0.0109
  0.0140
  0.0170
  0.0201
  0.0231
  0.0260
  0.0289
  0.0316
  0.0342
  0.0366
  0.0388
  0.0408
  0.0427
  0.0442
  0.0455
  0.0466
  0.0474
  0.0478
  0.0480
  0.0478
  0.0474
  0.0466
  0.0454
  0.0440
  0.0422
  0.0400
  0.0376
  0.0348
  0.0317
  0.0283
  0.0245
  0.0205
  0.0163
  0.0117
  0.0069
  0.0019
 -0.0033
 -0.0088
 -0.0144
 -0.0201
 -0.0260
 -0.0319
 -0.0380
 -0.0441
 -0.0502
 -0.0563
 -0.0624
 -0.0685
 -0.0744
 -0.0803
 -0.0860
 -0.0916
 -0.0970
 -0.1022
 -0.1071
 -0.1117
 -0.1161
 -0.1202
 -0.1239
 -0.1272
 -0.1302
 -0.1327
 -0.1348
 -0.1365
 -0.1376
 -0.1383
 -0.1385
 -0.1382
 -0.1373
 -0.1358
 -0.1338
 -0.1312
 -0.1280
 -0.1243
 -0.1199
 -0.1148
 -0.1092
 -0.1030
 -0.0961
 -0.0886
 -0.0804
 -0.0716
 -0.0622
 -0.0522
 -0.0415
 -0.0302
 -0.0184
 -0.0059
  0.0072
  0.0208
  0.0351
  0.0499
  0.0652
  0.0810
  0.0974
  0.1142
  0.1316
  0.1494
  0.1676
  0.1862
  0.2053
  0.2247
  0.2444
  0.2645
  0.2849
  0.3056
  0.3265
  0.3476
  0.3689
  0.3903
  0.4119
  0.4336
  0.4554
  0.4772
  0.4991
  0.5209
  0.5426
  0.5643
  0.5858
  0.6072
  0.6284
  0.6494
  0.6701
  0.6905
  0.7106
  0.7303
  0.7497
  0.7686
  0.7870
  0.8049
  0.8223
  0.8391
  0.8553
  0.8708
  0.8857
  0.8998
  0.9131
  0.9257
  0.9374
  0.9482
  0.9581
  0.9671
  0.9750
  0.9820
  0.9879
  0.9926
  0.9963
  0.9987
