  0.9974   0.9980
  0.9923   0.9942
  0.9849   0.9886
  0.9752   0.9813
  0.9635   0.9723
  0.9498   0.9618
  0.9342   0.9498
  0.9169   0.9364
  0.8980   0.9216
  0.8777   0.9054
  0.8560   0.8880
  0.8330   0.8695
  0.8090   0.8499
  0.7839   0.8294
  0.7580   0.8080
  0.7314   0.7858
  0.7041   0.7627
  0.6762   0.7389
  0.6480   0.7143
  0.6194   0.6893
  0.5905   0.6637
  0.5616   0.6377
  0.5326   0.6114
  0.5037   0.5848
  0.4749   0.5579
  0.4464   0.5309
  0.4181   0.5037
  0.3903   0.4765
  0.3629   0.4492
  0.3360   0.4220
  0.3097   0.3950
  0.2840   0.3683
  0.2590   0.3418
  0.2348   0.3157
  0.2113   0.2898
  0.1886   0.2643
  0.1668   0.2393
  0.1459   0.2147
  0.1259   0.1908
  0.1068   0.1675
  0.0887   0.1449
  0.0715   0.1229
  0.0552   0.1017
  0.0400   0.0813
  0.0257   0.0615
  0.0123   0.0426
 -0.0000   0.0246
 -0.0115   0.0075
 -0.0220  -0.0088
 -0.0316  -0.0241
 -0.0403  -0.0384
 -0.0481  -0.0518
 -0.0550  -0.0643
 -0.0612  -0.0757
 -0.0665  -0.0862
 -0.0711  -0.0957
 -0.0750  -0.1043
 -0.0781  -0.1119
 -0.0806  -0.1185
 -0.0825  -0.1241
 -0.0838  -0.1287
 -0.0845  -0.1324
 -0.0847  -0.1352
 -0.0844  -0.1371
 -0.0836  -0.1382
 -0.0825  -0.1385
 -0.0809  -0.1380
 -0.0791  -0.1366
 -0.0769  -0.1345
 -0.0744  -0.1317
 -0.0718  -0.1282
 -0.0689  -0.1241
 -0.0658  -0.1194
 -0.0626  -0.1143
 -0.0593  -0.1087
 -0.0559  -0.1027
 -0.0524  -0.0963
 -0.0489  -0.0895
 -0.0454  -0.0824
 -0.0419  -0.0751
 -0.0385  -0.0676
 -0.0351  -0.0600
 -0.0317  -0.0524
 -0.0284  -0.0448
 -0.0252  -0.0372
 -0.0222  -0.0298
 -0.0192  -0.0224
 -0.0164  -0.0152
 -0.0137  -0.0082
 -0.0111  -0.0014
 -0.0087   0.0050
 -0.0064   0.0111
 -0.0043   0.0167
 -0.0023   0.0219
 -0.0005   0.0267
  0.0012   0.0311
  0.0027   0.0350
  0.0040   0.0384
  0.0052   0.0414
  0.0063   0.0438
  0.0072   0.0456
  0.0080   0.0469
  0.0087   0.0477
  0.0093   0.0480
  0.0097   0.0478
  0.0100   0.0471
  0.0103   0.0460
  0.0104   0.0445
  0.0104   0.0426
  0.0104   0.0403
  0.0103   0.0376
  0.0101   0.0347
  0.0099   0.0315
  0.0096   0.0280
  0.0092   0.0244
  0.0088   0.0207
  0.0084   0.0169
  0.0080   0.0131
  0.0075   0.0093
  0.0071   0.0055
  0.0066   0.0018
  0.0061  -0.0018
  0.0056  -0.0053
  0.0051  -0.0085
  0.0046  -0.0114
  0.0041  -0.0141
  0.0036  -0.0164
  0.0032  -0.0185
  0.0027  -0.0202
  0.0023  -0.0216
  0.0019  -0.0227
  0.0015  -0.0233
  0.0012  -0.0237
  0.0008  -0.0236
  0.0005  -0.0232
  0.0002  -0.0224
 -0.0000  -0.0213
 -0.0003  -0.0200
 -0.0005  -0.0184
 -0.0007  -0.0166
 -0.0008  -0.0146
 -0.0010  -0.0125
 -0.0011  -0.0102
 -0.0012  -0.0078
 -0.0013  -0.0053
 -0.0013  -0.0028
 -0.0014  -0.0005
 -0.0014   0.0018
 -0.0014   0.0040
 -0.0014   0.0060
 -0.0014   0.0079
 -0.0014   0.0095
 -0.0013   0.0109
 -0.0013   0.0121
 -0.0012   0.0130
 -0.0012   0.0137
 -0.0011   0.0140
 -0.0011   0.0140
 -0.0010   0.0138
 -0.0009   0.0132
 -0.0008   0.0125
 -0.0008   0.0115
 -0.0007   0.0104
 -0.0006   0.0090
 -0.0005   0.0075
 -0.0005   0.0059
 -0.0004   0.0042
 -0.0003   0.0025
 -0.0003   0.0007
 -0.0002  -0.0009
 -0.0002  -0.0025
 -0.0001  -0.0040
 -0.0001  -0.0053
 -0.0000  -0.0065
  0.0000  -0.0075
  0.0000  -0.0083
  0.0001  -0.0089
  0.0001  -0.0092
  0.0001  -0.0093
  0.0001  -0.0092
  0.0002  -0.0088
  0.0002  -0.0082
  0.0002  -0.0074
  0.0002  -0.0064
  0.0002  -0.0054
  0.0002  -0.0043
  0.0002  -0.0031
  0.0002  -0.0017
  0.0002  -0.0004
  0.0002   0.0009
  0.0002   0.0021
  0.0002   0.0033
  0.0002   0.0043
  0.0002   0.0051
  0.0001   0.0058
  0.0001   0.0062
  0.0001   0.0065
  0.0001   0.0066
  0.0001   0.0065
  0.0001   0.0062
  0.0001   0.0058
  0.0001   0.0052
  0.0001   0.0044
  0.0000   0.0034
  0.0000   0.0024
  0.0000   0.0013
  0.0000   0.0003
  0.0000  -0.0007
  0.0000  -0.0016
 -0.0000  -0.0025
 -0.0000  -0.0033
 -0.0000  -0.0040
 -0.0000  -0.0045
 -0.0000  -0.0049
 -0.0000  -0.0051
 -0.0000  -0.0050
 -0.0000  -0.0047
 -0.0000  -0.0044
 -0.0000  -0.0039
 -0.0000  -0.0032
 -0.0000  -0.0025
 -0.0000  -0.0017
 -0.0000  -0.0009
 -0.0000   0.0000
 -0.0000   0.0009
 -0.0000   0.0016
 -0.0000   0.0023
 -0.0000   0.0030
 -0.0000   0.0035
 -0.0000   0.0038
 -0.0000   0.0039
 -0.0000   0.0039
 -0.0000   0.0037
 -0.0000   0.0034
 -0.0000   0.0030
 -0.0000   0.0025
 -0.0000   0.0018
 -0.0000   0.0011
 -0.0000   0.0004
 -0.0000  -0.0004
 -0.0000  -0.0011
 -0.0000  -0.0017
 -0.0000  -0.0022
  0.0000  -0.0027
  0.0000  -0.0030
  0.0000  -0.0031
  0.0000  -0.0031
  0.0000  -0.0030
  0.0000  -0.0028
  0.0000  -0.0024
  0.0000  -0.0019
  0.0000  -0.0013
  0.0000  -0.0007
  0.0000  -0.0000
  0.0000   0.0006
  0.0000   0.0011
  0.0000   0.0016
  0.0000   0.0020
  0.0000   0.0024
  0.0000   0.0026
  0.0000   0.0026
  0.0000   0.0026
  0.0000   0.0023
  0.0000   0.0020
  0.0000   0.0015
  0.0000   0.0010
  0.0000   0.0005
  0.0000  -0.0000
  0.0000  -0.0006
  0.0000  -0.0011
  0.0000  -0.0015
  0.0000  -0.0018
  0.0000  -0.0021
  0.0000  -0.0022
  0.0000  -0.0022
 -0.0000  -0.0021
 -0.0000  -0.0018
 -0.0000  -0.0014
 -0.0000  -0.0010
 -0.0000  -0.0006
 -0.0000  -0.0001
 -0.0000   0.0004
 -0.0000   0.0008
 -0.0000   0.0013
 -0.0000   0.0016
 -0.0000   0.0018
 -0.0000   0.0019
 -0.0000   0.0019
 -0.0000   0.0017
 -0.0000   0.0015
 -0.0000   0.0011
 -0.0000   0.0008
 -0.0000   0.0003
 -0.0000  -0.0001
 -0.0000  -0.0005
 -0.0000  -0.0009
 -0.0000  -0.0012
 -0.0000  -0.0015
 -0.0000  -0.0016
 -0.0000  -0.0017
 -0.0000  -0.0016
 -0.0000  -0.0013
  0.0000  -0.0011
 -0.0000  -0.0007
  0.0000  -0.0003
 -0.0000   0.0000
  0.0000   0.0004
 -0.0000   0.0008
  0.0000   0.0011
 -0.0000   0.0013
  0.0000   0.0015
 -0.0000   0.0015
  0.0000   0.0013
  0.0000   0.0011
  0.0000   0.0009
  0.0000   0.0006
  0.0000   0.0002
  0.0000  -0.0002
  0.0000  -0.0005
  0.0000  -0.0008
  0.0000  -0.0011
 -0.0000  -0.0012
  0.0000  -0.0013
 -0.0000  -0.0012
  0.0000  -0.0011
 -0.0000  -0.0009
  0.0000  -0.0006
 -0.0000  -0.0003
  0.0000   0.0000
 -0.0000   0.0004
  0.0000   0.0007
 -0.0000   0.0009
  0.0000   0.0011
 -0.0000   0.0011
  0.0000   0.0011
 -0.0000   0.0010
  0.0000   0.0008
 -0.0000   0.0005
  0.0000   0.0003
 -0.0000  -0.0000
  0.0000  -0.0003
 -0.0000  -0.0006
  0.0000  -0.0008
 -0.0000  -0.0010
  0.0000  -0.0011
 -0.0000  -0.0011
  0.0000  -0.0009
 -0.0000  -0.0006
  0.0000  -0.0003
 -0.0000  -0.0001
  0.0000   0.0002
 -0.0000   0.0004
  0.0000   0.0006
 -0.0000   0.0008
  0.0000   0.0009
 -0.0000   0.0009
  0.0000   0.0009
 -0.0000   0.0007
  0.0000   0.0005
 -0.0000   0.0002
  0.0000  -0.0001
 -0.0000  -0.0004
  0.0000  -0.0006
 -0.0000  -0.0008
  0.0000  -0.0009
 -0.0000  -0.0008
  0.0000  -0.0007
 -0.0000  -0.0006
  0.0000  -0.0004
 -0.0000  -0.0002
  0.0000  -0.0000
 -0.0000   0.0002
  0.0000   0.0005
 -0.0000   0.0006
  0.0000   0.0008
 -0.0000   0.0008
  0.0000   0.0008
 -0.0000   0.0006
  0.0000   0.0004
 -0.0000   0.0001
  0.0000  -0.0001
 -0.0000  -0.0003
  0.0000  -0.0005
 -0.0000  -0.0006
  0.0000  -0.0007
 -0.0000  -0.0007
  0.0000  -0.0006
 -0.0000  -0.0005
  0.0000  -0.0003
 -0.0000  -0.0001
  0.0000   0.0001
 -0.0000   0.0003
  0.0000   0.0005
 -0.0000   0.0007
  0.0000   0.0007
 -0.0000   0.0007
  0.0000   0.0006
 -0.0000   0.0004
  0.0000   0.0002
 -0.0000  -0.0001
  0.0000  -0.0003
 -0.0000  -0.0004
  0.0000  -0.0005
 -0.0000  -0.0006
  0.0000  -0.0006
 -0.0000  -0.0005
  0.0000  -0.0004
 -0.0000  -0.0003
  0.0000  -0.0001
 -0.0000   0.0001
  0.0000   0.0004
 -0.0000   0.0005
  0.0000   0.0006
 -0.0000   0.0007
  0.0000   0.0006
 -0.0000   0.0004
  0.0000   0.0002
 -0.0000  -0.0000
  0.0000  -0.0002
 -0.0000  -0.0003
  0.0000  -0.0004
 -0.0000  -0.0005
  0.0000  -0.0005
 -0.0000  -0.0005
  0.0000  -0.0005
 -0.0000  -0.0003
  0.0000  -0.0001
 -0.0000   0.0001
  0.0000   0.0003
 -0.0000   0.0005
  0.0000   0.0005
 -0.0000   0.0005
  0.0000   0.0005
 -0.0000   0.0003
  0.0000   0.0002
 -0.0000   0.0001
  0.0000  -0.0001
 -0.0000  -0.0003
  0.0000  -0.0004
 -0.0000  -0.0005
  0.0000  -0.0005
 -0.0000  -0.0005
  0.0000  -0.0003
 -0.0000  -0.0002
  0.0000   0.0000
 -0.0000   0.0002
  0.0000   0.0003
 -0.0000   0.0004
  0.0000   0.0005
 -0.0000   0.0005
  0.0000   0.0004
 -0.0000   0.0003
  0.0000   0.0001
 -0.0000  -0.0001
  0.0000  -0.0002
 -0.0000  -0.0003
  0.0000  -0.0005
 -0.0000  -0.0005
  0.0000  -0.0005
 -0.0000  -0.0003
  0.0000  -0.0002
 -0.0000  -0.0000
  0.0000   0.0001
 -0.0000   0.0003
  0.0000   0.0004
 -0.0000   0.0004
  0.0000   0.0005
 -0.0000   0.0004
  0.0000   0.0003
 -0.0000   0.0001
  0.0000  -0.0000
 -0.0000  -0.0002
  0.0000  -0.0003
 -0.0000  -0.0004
  0.0000  -0.0005
 -0.0000  -0.0004
  0.0000  -0.0004
 -0.0000  -0.0002
  0.0000  -0.0001
 -0.0000   0.0001
  0.0000   0.0003
 -0.0000   0.0004
  0.0000   0.0004
 -0.0000   0.0004
  0.0000   0.0004
 -0.0000   0.0003
  0.0000   0.0001
 -0.0000  -0.0000
  0.0000  -0.0002
 -0.0000  -0.0003
  0.0000  -0.0004
 -0.0000  -0.0004
  0.0000  -0.0004
 -0.0000  -0.0004
  0.0000  -0.0002
 -0.0000  -0.0000
  0.0000   0.0001
 -0.0000   0.0003
  0.0000   0.0004
 -0.0000   0.0004
 -0.0000   0.0004
  0.0000   0.0004
 -0.0000   0.0003
  0.0000   0.0002
 -0.0000  -0.0000
  0.0000  -0.0002
 -0.0000  -0.0004
  0.0000  -0.0004
 -0.0000  -0.0004
  0.0000  -0.0004
 -0.0000  -0.0003
  0.0000  -0.0002
 -0.0000  -0.0000
  0.0000   0.0001
 -0.0000   0.0003
  0.0000   0.0004
 -0.0000   0.0004
  0.0000   0.0004
 -0.0000   0.0004
  0.0000   0.0003
 -0.0000   0.0001
  0.0000  -0.0000
 -0.0000  -0.0002
  0.0000  -0.0004
 -0.0000  -0.0005
  0.0000  -0.0005
 -0.0000  -0.0004
  0.0000  -0.0003
 -0.0000  -0.0001
  0.0000   0.0000
 -0.0000   0.0002
  0.0000   0.0003
 -0.0000   0.0004
  0.0000   0.0004
 -0.0000   0.0004
  0.0000   0.0004
 -0.0000   0.0003
  0.0000   0.0001
 -0.0000  -0.0000
  0.0000  -0.0002
 -0.0000  -0.0004
  0.0000  -0.0005
 -0.0000  -0.0005
  0.0000  -0.0005
 -0.0000  -0.0004
  0.0000  -0.0002
 -0.0000  -0.0000
  0.0000   0.0002
 -0.0000   0.0003
  0.0000   0.0004
 -0.0000   0.0004
  0.0000   0.0004
 -0.0000   0.0004
  0.0000   0.0003
 -0.0000   0.0002
  0.0000   0.0001
 -0.0000  -0.0001
  0.0000  -0.0003
 -0.0000  -0.0005
  0.0000  -0.0006
 -0.0000  -0.0006
  0.0000  -0.0004
 -0.0000  -0.0003
  0.0000  -0.0001
 -0.0000   0.0001
  0.0000   0.0002
 -0.0000   0.0003
  0.0000   0.0004
 -0.0000   0.0005
  0.0000   0.0005
 -0.0000   0.0005
  0.0000   0.0004
 -0.0000   0.0002
  0.0000  -0.0000
 -0.0000  -0.0003
  0.0000  -0.0004
 -0.0000  -0.0006
  0.0000  -0.0006
 -0.0000  -0.0005
  0.0000  -0.0004
 -0.0000  -0.0003
  0.0000  -0.0001
 -0.0000   0.0001
  0.0000   0.0002
 -0.0000   0.0004
  0.0000   0.0005
 -0.0000   0.0006
  0.0000   0.0006
 -0.0000   0.0006
  0.0000   0.0004
 -0.0000   0.0002
  0.0000  -0.0001
 -0.0000  -0.0003
  0.0000  -0.0004
 -0.0000  -0.0005
  0.0000  -0.0006
 -0.0000  -0.0006
  0.0000  -0.0005
 -0.0000  -0.0004
  0.0000  -0.0003
 -0.0000  -0.0001
  0.0000   0.0002
 -0.0000   0.0004
  0.0000   0.0006
 -0.0000   0.0007
  0.0000   0.0007
 -0.0000   0.0006
  0.0000   0.0005
 -0.0000   0.0004
  0.0000   0.0001
 -0.0000  -0.0001
  0.0000  -0.0004
 -0.0000  -0.0005
  0.0000  -0.0006
 -0.0000  -0.0007
  0.0000  -0.0007
 -0.0000  -0.0006
  0.0000  -0.0005
 -0.0000  -0.0003
  0.0000  -0.0001
 -0.0000   0.0001
  0.0000   0.0004
 -0.0000   0.0006
  0.0000   0.0008
 -0.0000   0.0008
  0.0000   0.0008
 -0.0000   0.0006
  0.0000   0.0005
 -0.0000   0.0002
  0.0000  -0.0000
 -0.0000  -0.0002
  0.0000  -0.0004
 -0.0000  -0.0006
  0.0000  -0.0007
 -0.0000  -0.0008
  0.0000  -0.0009
 -0.0000  -0.0008
  0.0000  -0.0006
 -0.0000  -0.0003
  0.0000  -0.0000
 -0.0000   0.0003
  0.0000   0.0005
 -0.0000   0.0007
  0.0000   0.0009
 -0.0000   0.0009
  0.0000   0.0009
 -0.0000   0.0008
  0.0000   0.0007
 -0.0000   0.0004
  0.0000   0.0002
 -0.0000  -0.0001
  0.0000  -0.0004
 -0.0000  -0.0006
  0.0000  -0.0009
 -0.0000  -0.0010
  0.0000  -0.0011
 -0.0000  -0.0010
  0.0000  -0.0008
 -0.0000  -0.0006
  0.0000  -0.0003
 -0.0000  -0.0000
  0.0000   0.0003
 -0.0000   0.0005
  0.0000   0.0008
 -0.0000   0.0010
  0.0000   0.0011
 -0.0000   0.0011
  0.0000   0.0011
 -0.0000   0.0009
  0.0000   0.0007
 -0.0000   0.0004
  0.0000   0.0001
 -0.0000  -0.0003
  0.0000  -0.0007
 -0.0000  -0.0009
  0.0000  -0.0011
 -0.0000  -0.0012
  0.0000  -0.0012
 -0.0000  -0.0012
  0.0000  -0.0010
  0.0000  -0.0008
  0.0000  -0.0006
  0.0000  -0.0002
  0.0000   0.0002
  0.0000   0.0006
  0.0000   0.0009
  0.0000   0.0012
  0.0000   0.0014
 -0.0000   0.0014
  0.0000   0.0014
 -0.0000   0.0012
  0.0000   0.0010
 -0.0000   0.0008
  0.0000   0.0004
 -0.0000   0.0001
  0.0000  -0.0003
 -0.0000  -0.0007
  0.0000  -0.0011
 -0.0000  -0.0014
 -0.0000  -0.0016
 -0.0000  -0.0017
 -0.0000  -0.0016
 -0.0000  -0.0014
 -0.0000  -0.0012
 -0.0000  -0.0009
 -0.0000  -0.0005
 -0.0000  -0.0001
 -0.0000   0.0003
 -0.0000   0.0008
 -0.0000   0.0012
 -0.0000   0.0015
 -0.0000   0.0017
 -0.0000   0.0019
 -0.0000   0.0019
 -0.0000   0.0018
 -0.0000   0.0016
 -0.0000   0.0013
 -0.0000   0.0009
 -0.0000   0.0004
 -0.0000  -0.0001
 -0.0000  -0.0006
 -0.0000  -0.0010
 -0.0000  -0.0015
 -0.0000  -0.0018
 -0.0000  -0.0020
  0.0000  -0.0021
  0.0000  -0.0022
  0.0000  -0.0021
  0.0000  -0.0019
  0.0000  -0.0016
  0.0000  -0.0011
  0.0000  -0.0006
  0.0000   0.0000
  0.0000   0.0006
  0.0000   0.0011
  0.0000   0.0015
  0.0000   0.0019
  0.0000   0.0022
  0.0000   0.0025
  0.0000   0.0026
  0.0000   0.0026
  0.0000   0.0024
  0.0000   0.0021
  0.0000   0.0017
  0.0000   0.0011
  0.0000   0.0005
  0.0000  -0.0001
  0.0000  -0.0007
  0.0000  -0.0013
  0.0000  -0.0018
  0.0000  -0.0023
  0.0000  -0.0027
  0.0000  -0.0030
  0.0000  -0.0032
  0.0000  -0.0032
  0.0000  -0.0030
  0.0000  -0.0027
 -0.0000  -0.0022
 -0.0000  -0.0017
 -0.0000  -0.0010
 -0.0000  -0.0003
 -0.0000   0.0004
 -0.0000   0.0011
 -0.0000   0.0017
 -0.0000   0.0024
 -0.0000   0.0030
 -0.0000   0.0035
 -0.0000   0.0038
 -0.0000   0.0039
 -0.0000   0.0039
 -0.0000   0.0037
 -0.0000   0.0034
 -0.0000   0.0029
 -0.0000   0.0023
 -0.0000   0.0016
 -0.0000   0.0009
 -0.0000   0.0001
 -0.0000  -0.0008
 -0.0000  -0.0017
 -0.0000  -0.0025
 -0.0000  -0.0033
 -0.0000  -0.0039
 -0.0000  -0.0044
 -0.0000  -0.0047
 -0.0000  -0.0050
 -0.0000  -0.0050
 -0.0000  -0.0049
 -0.0000  -0.0045
 -0.0000  -0.0040
 -0.0000  -0.0034
 -0.0000  -0.0026
  0.0000  -0.0017
  0.0000  -0.0007
  0.0000   0.0003
  0.0000   0.0014
  0.0000   0.0024
  0.0000   0.0034
  0.0001   0.0043
  0.0001   0.0051
  0.0001   0.0058
  0.0001   0.0062
  0.0001   0.0065
  0.0001   0.0066
  0.0001   0.0065
  0.0001   0.0062
  0.0001   0.0058
  0.0002   0.0051
  0.0002   0.0042
  0.0002   0.0033
  0.0002   0.0022
  0.0002   0.0009
  0.0002  -0.0004
  0.0002  -0.0017
  0.0002  -0.0030
  0.0002  -0.0043
  0.0002  -0.0055
  0.0002  -0.0065
  0.0002  -0.0074
  0.0002  -0.0082
  0.0002  -0.0088
  0.0001  -0.0092
  0.0001  -0.0093
  0.0001  -0.0092
  0.0001  -0.0089
  0.0000  -0.0083
  0.0000  -0.0075
 -0.0000  -0.0065
 -0.0001  -0.0053
 -0.0001  -0.0040
 -0.0002  -0.0025
 -0.0002  -0.0009
 -0.0003   0.0007
 -0.0003   0.0025
 -0.0004   0.0042
 -0.0005   0.0059
 -0.0005   0.0076
 -0.0006   0.0091
 -0.0007   0.0104
 -0.0008   0.0115
 -0.0008   0.0125
 -0.0009   0.0132
 -0.0010   0.0137
 -0.0011   0.0140
 -0.0011   0.0140
 -0.0012   0.0137
 -0.0012   0.0131
 -0.0013   0.0122
 -0.0013   0.0110
 -0.0014   0.0095
 -0.0014   0.0078
 -0.0014   0.0060
 -0.0014   0.0039
 -0.0014   0.0018
 -0.0014  -0.0004
 -0.0013  -0.0028
 -0.0013  -0.0053
 -0.0012  -0.0077
 -0.0011  -0.0102
 -0.0010  -0.0125
 -0.0008  -0.0147
 -0.0007  -0.0166
 -0.0005  -0.0184
 -0.0003  -0.0200
 -0.0000  -0.0213
  0.0002  -0.0224
  0.0005  -0.0232
  0.0008  -0.0236
  0.0012  -0.0237
  0.0015  -0.0234
  0.0019  -0.0227
  0.0023  -0.0216
  0.0027  -0.0202
  0.0032  -0.0185
  0.0036  -0.0164
  0.0041  -0.0141
  0.0046  -0.0114
  0.0051  -0.0085
  0.0056  -0.0053
  0.0061  -0.0018
  0.0066   0.0018
  0.0071   0.0055
  0.0075   0.0093
  0.0080   0.0131
  0.0084   0.0169
  0.0088   0.0207
  0.0092   0.0244
  0.0096   0.0280
  0.0099   0.0314
  0.0101   0.0347
  0.0103   0.0377
  0.0104   0.0403
  0.0104   0.0426
  0.0104   0.0445
  0.0103   0.0460
  0.0100   0.0471
  0.0097   0.0478
  0.0093   0.0479
  0.0087   0.0477
  0.0080   0.0469
  0.0072   0.0456
  0.0063   0.0438
  0.0052   0.0414
  0.0040   0.0384
  0.0027   0.0350
  0.0012   0.0311
 -0.0005   0.0267
 -0.0023   0.0219
 -0.0043   0.0167
 -0.0064   0.0111
 -0.0087   0.0050
 -0.0111  -0.0014
 -0.0137  -0.0082
 -0.0164  -0.0152
 -0.0192  -0.0224
 -0.0222  -0.0298
 -0.0252  -0.0373
 -0.0284  -0.0448
 -0.0317  -0.0524
 -0.0351  -0.0600
 -0.0385  -0.0676
 -0.0419  -0.0751
 -0.0454  -0.0824
 -0.0489  -0.0895
 -0.0524  -0.0963
 -0.0559  -0.1027
 -0.0593  -0.1088
 -0.0626  -0.1143
 -0.0658  -0.1194
 -0.0689  -0.1241
 -0.0718  -0.1282
 -0.0744  -0.1317
 -0.0769  -0.1346
 -0.0791  -0.1367
 -0.0809  -0.1380
 -0.0825  -0.1385
 -0.0836  -0.1382
 -0.0844  -0.1371
 -0.0847  -0.1351
 -0.0845  -0.1324
 -0.0838  -0.1287
 -0.0825  -0.1241
 -0.0806  -0.1185
 -0.0781  -0.1119
 -0.0750  -0.1043
 -0.0711  -0.0957
 -0.0665  -0.0861
 -0.0612  -0.0757
 -0.0550  -0.0642
 -0.0481  -0.0519
 -0.0403  -0.0385
 -0.0316  -0.0241
 -0.0220  -0.0088
 -0.0115   0.0075
 -0.0000   0.0247
  0.0123   0.0427
  0.0257   0.0616
  0.0400   0.0812
  0.0552   0.1017
  0.0715   0.1229
  0.0887   0.1448
  0.1068   0.1675
  0.1259   0.1908
  0.1459   0.2148
  0.1668   0.2393
  0.1886   0.2643
  0.2113   0.2897
  0.2348   0.3156
  0.2590   0.3418
  0.2840   0.3683
  0.3097   0.3951
  0.3360   0.4221
  0.3629   0.4492
  0.3903   0.4765
  0.4181   0.5037
  0.4464   0.5308
  0.4749   0.5579
  0.5037   0.5848
  0.5326   0.6114
  0.5616   0.6377
  0.5905   0.6637
  0.6194   0.6893
  0.6480   0.7143
  0.6762   0.7388
  0.7041   0.7627
  0.7314   0.7857
  0.7580   0.8080
  0.7839   0.8295
  0.8090   0.8500
  0.8330   0.8695
  0.8560   0.8880
  0.8777   0.9054
  0.8980   0.9215
  0.9169   0.9364
  0.9342   0.9498
  0.9498   0.9618
  0.9635   0.9723
  0.9752   0.9813
  0.9849   0.9887
  0.9923   0.9943
  0.9974   0.9981
