  0.9974
  0.9923
  0.9849
  0.9752
  0.9635
  0.9498
  0.9342
  0.9169
  0.8980
  0.8777
  0.8560
  0.8330
  0.8090
  0.7839
  0.7580
  0.7314
  0.7041
  0.6762
  0.6480
  0.6194
  0.5905
  0.5616
  0.5326
  0.5037
  0.4749
  0.4464
  0.4181
  0.3903
  0.3629
  0.3360
  0.3097
  0.2840
  0.2590
  0.2348
  0.2113
  0.1886
  0.1668
  0.1459
  0.1259
  0.1068
  0.0887
  0.0715
  0.0552
  0.0400
  0.0257
  0.0123
 -0.0000
 -0.0115
 -0.0220
 -0.0316
 -0.0403
 -0.0481
 -0.0550
 -0.0612
 -0.0665
 -0.0711
 -0.0750
 -0.0781
 -0.0806
 -0.0825
 -0.0838
 -0.0845
 -0.0847
 -0.0844
 -0.0836
 -0.0825
 -0.0809
 -0.0791
 -0.0769
 -0.0744
 -0.0718
 -0.0689
 -0.0658
 -0.0626
 -0.0593
 -0.0559
 -0.0524
 -0.0489
 -0.0454
 -0.0419
 -0.0385
 -0.0351
 -0.0317
 -0.0284
 -0.0252
 -0.0222
 -0.0192
 -0.0164
 -0.0137
 -0.0111
 -0.0087
 -0.0064
 -0.0043
 -0.0023
 -0.0005
  0.0012
  0.0027
  0.0040
  0.0052
  0.0063
  0.0072
  0.0080
  0.0087
  0.0093
  0.0097
  0.0100
  0.0103
  0.0104
  0.0104
  0.0104
  0.0103
  0.0101
  0.0099
  0.0096
  0.0092
  0.0088
  0.0084
  0.0080
  0.0075
  0.0071
  0.0066
  0.0061
  0.0056
  0.0051
  0.0046
  0.0041
  0.0036
  0.0032
  0.0027
  0.0023
  0.0019
  0.0015
  0.0012
  0.0008
  0.0005
  0.0002
 -0.0000
 -0.0003
 -0.0005
 -0.0007
 -0.0008
 -0.0010
 -0.0011
 -0.0012
 -0.0013
 -0.0013
 -0.0014
 -0.0014
 -0.0014
 -0.0014
 -0.0014
 -0.0014
 -0.0013
 -0.0013
 -0.0012
 -0.0012
 -0.0011
 -0.0011
 -0.0010
 -0.0009
 -0.0008
 -0.0008
 -0.0007
 -0.0006
 -0.0005
 -0.0005
 -0.0004
 -0.0003
 -0.0003
 -0.0002
 -0.0002
 -0.0001
 -0.0001
 -0.0000
  0.0000
  0.0000
  0.0001
  0.0001
  0.0001
  0.0001
  0.0002
  0.0002
  0.0002
  0.0002
  0.0002
  0.0002
  0.0002
  0.0002
  0.0002
  0.0002
  0.0002
  0.0002
  0.0002
  0.0002
  0.0001
  0.0001
  0.0001
  0.0001
  0.0001
  0.0001
  0.0001
  0.0001
  0.0001
  0.0000
  0.0000
  0.0000
  0.0000
  0.0000
  0.0000
 -0.0000
 -0.0000
 -0.0000
 -0.0000
 -0.0000
 -0.0000
 -0.0000
 -0.0000
 -0.0000
 -0.0000
 -0.0000
 -0.0000
 -0.0000
 -0.0000
 -0.0000
 -0.0000
 -0.0000
 -0.0000
 -0.0000
 -0.0000
 -0.0000
 -0.0000
 -0.0000
 -0.0000
 -0.0000
 -0.0000
 -0.0000
 -0.0000
 -0.0000
 -0.0000
 -0.0000
 -0.0000
 -0.0000
 -0.0000
  0.0000
  0.0000
  0.0000
  0.0000
  0.0000
  0.0000
  0.0000
  0.0000
  0.0000
  0.0000
  0.0000
  0.0000
  0.0000
  0.0000
  0.0000
  0.0000
  0.0000
  0.0000
  0.0000
  0.0000
  0.0000
  0.0000
  0.0000
  0.0000
  0.0000
  0.0000
  0.0000
  0.0000
  0.0000
  0.0000
  0.0000
  0.0000
 -0.0000
 -0.0000
 -0.0000
 -0.0000
 -0.0000
 -0.0000
 -0.0000
 -0.0000
 -0.0000
 -0.0000
 -0.0000
 -0.0000
 -0.0000
 -0.0000
 -0.0000
 -0.0000
 -0.0000
 -0.0000
 -0.0000
 -0.0000
 -0.0000
 -0.0000
 -0.0000
 -0.0000
 -0.0000
 -0.0000
 -0.0000
  0.0000
 -0.0000
  0.0000
 -0.0000
  0.0000
 -0.0000
  0.0000
 -0.0000
  0.0000
 -0.0000
  0.0000
  0.0000
  0.0000
  0.0000
  0.0000
  0.0000
  0.0000
  0.0000
  0.0000
 -0.0000
  0.0000
 -0.0000
  0.0000
 -0.0000
  0.0000
 -0.0000
  0.0000
 -0.0000
  0.0000
 -0.0000
  0.0000
 -0.0000
  0.0000
 -0.0000
  0.0000
 -0.0000
  0.0000
 -0.0000
  0.0000
 -0.0000
  0.0000
 -0.0000
  0.0000
 -0.0000
  0.0000
 -0.0000
  0.0000
 -0.0000
  0.0000
 -0.0000
  0.0000
 -0.0000
  0.0000
 -0.0000
  0.0000
 -0.0000
  0.0000
 -0.0000
  0.0000
 -0.0000
  0.0000
 -0.0000
  0.0000
 -0.0000
  0.0000
 -0.0000
  0.0000
 -0.0000
  0.0000
 -0.0000
  0.0000
 -0.0000
  0.0000
 -0.0000
  0.0000
 -0.0000
  0.0000
 -0.0000
  0.0000
 -0.0000
  0.0000
 -0.0000
  0.0000
 -0.0000
  0.0000
 -0.0000
  0.0000
 -0.0000
  0.0000
 -0.0000
  0.0000
 -0.0000
  0.0000
 -0.0000
  0.0000
 -0.0000
  0.0000
 -0.0000
  0.0000
 -0.0000
  0.0000
 -0.0000
  0.0000
 -0.0000
  0.0000
 -0.0000
  0.0000
 -0.0000
  0.0000
 -0.0000
  0.0000
 -0.0000
  0.0000
 -0.0000
  0.0000
 -0.0000
  0.0000
 -0.0000
  0.0000
 -0.0000
  0.0000
 -0.0000
  0.0000
 -0.0000
  0.0000
 -0.0000
  0.0000
 -0.0000
  0.0000
 -0.0000
  0.0000
 -0.0000
  0.0000
 -0.0000
  0.0000
 -0.0000
  0.0000
 -0.0000
  0.0000
 -0.0000
  0.0000
 -0.0000
  0.0000
 -0.0000
  0.0000
 -0.0000
  0.0000
 -0.0000
  0.0000
 -0.0000
  0.0000
 -0.0000
  0.0000
 -0.0000
  0.0000
 -0.0000
  0.0000
 -0.0000
  0.0000
 -0.0000
  0.0000
 -0.0000
  0.0000
 -0.0000
  0.0000
 -0.0000
  0.0000
 -0.0000
  0.0000
 -0.0000
  0.0000
 -0.0000
  0.0000
 -0.0000
  0.0000
 -0.0000
  0.0000
 -0.0000
  0.0000
 -0.0000
  0.0000
 -0.0000
  0.0000
 -0.0000
  0.0000
 -0.0000
  0.0000
 -0.0000
  0.0000
 -0.0000
  0.0000
 -0.0000
  0.0000
 -0.0000
  0.0000
 -0.0000
  0.0000
 -0.0000
 -0.0000
  0.0000
 -0.0000
  0.0000
 -0.0000
  0.0000
 -0.0000
  0.0000
 -0.0000
  0.0000
 -0.0000
  0.0000
 -0.0000
  0.0000
 -0.0000
  0.0000
 -0.0000
  0.0000
 -0.0000
  0.0000
 -0.0000
  0.0000
 -0.0000
  0.0000
 -0.0000
  0.0000
 -0.0000
  0.0000
 -0.0000
  0.0000
 -0.0000
  0.0000
 -0.0000
  0.0000
 -0.0000
  0.0000
 -0.0000
  0.0000
 -0.0000
  0.0000
 -0.0000
  0.0000
 -0.0000
  0.0000
 -0.0000
  0.0000
 -0.0000
  0.0000
 -0.0000
  0.0000
 -0.0000
  0.0000
 -0.0000
  0.0000
 -0.0000
  0.0000
 -0.0000
  0.0000
 -0.0000
  0.0000
 -0.0000
  0.0000
 -0.0000
  0.0000
 -0.0000
  0.0000
 -0.0000
  0.0000
 -0.0000
  0.0000
 -0.0000
  0.0000
 -0.0000
  0.0000
 -0.0000
  0.0000
 -0.0000
  0.0000
 -0.0000
  0.0000
 -0.0000
  0.0000
 -0.0000
  0.0000
 -0.0000
  0.0000
 -0.0000
  0.0000
 -0.0000
  0.0000
 -0.0000
  0.0000
 -0.0000
  0.0000
 -0.0000
  0.0000
 -0.0000
  0.0000
 -0.0000
  0.0000
 -0.0000
  0.0000
 -0.0000
  0.0000
 -0.0000
  0.0000
 -0.0000
  0.0000
 -0.0000
  0.0000
 -0.0000
  0.0000
 -0.0000
  0.0000
 -0.0000
  0.0000
 -0.0000
  0.0000
 -0.0000
  0.0000
 -0.0000
  0.0000
 -0.0000
  0.0000
 -0.0000
  0.0000
 -0.0000
  0.0000
 -0.0000
  0.0000
 -0.0000
  0.0000
 -0.0000
  0.0000
 -0.0000
  0.0000
 -0.0000
  0.0000
 -0.0000
  0.0000
 -0.0000
  0.0000
 -0.0000
  0.0000
 -0.0000
  0.0000
 -0.0000
  0.0000
 -0.0000
  0.0000
 -0.0000
  0.0000
 -0.0000
  0.0000
 -0.0000
  0.0000
 -0.0000
  0.0000
 -0.0000
  0.0000
 -0.0000
  0.0000
 -0.0000
  0.0000
 -0.0000
  0.0000
 -0.0000
  0.0000
 -0.0000
  0.0000
 -0.0000
  0.0000
 -0.0000
  0.0000
 -0.0000
  0.0000
 -0.0000
  0.0000
 -0.0000
  0.0000
  0.0000
  0.0000
  0.0000
  0.0000
  0.0000
  0.0000
  0.0000
  0.0000
 -0.0000
  0.0000
 -0.0000
  0.0000
 -0.0000
  0.0000
 -0.0000
  0.0000
 -0.0000
  0.0000
 -0.0000
 -0.0000
 -0.0000
 -0.0000
 -0.0000
 -0.0000
 -0.0000
 -0.0000
 -0.0000
 -0.0000
 -0.0000
 -0.0000
 -0.0000
 -0.0000
 -0.0000
 -0.0000
 -0.0000
 -0.0000
 -0.0000
 -0.0000
 -0.0000
 -0.0000
 -0.0000
 -0.0000
 -0.0000
 -0.0000
 -0.0000
  0.0000
  0.0000
  0.0000
  0.0000
  0.0000
  0.0000
  0.0000
  0.0000
  0.0000
  0.0000
  0.0000
  0.0000
  0.0000
  0.0000
  0.0000
  0.0000
  0.0000
  0.0000
  0.0000
  0.0000
  0.0000
  0.0000
  0.0000
  0.0000
  0.0000
  0.0000
  0.0000
  0.0000
  0.0000
  0.0000
  0.0000
  0.0000
 -0.0000
 -0.0000
 -0.0000
 -0.0000
 -0.0000
 -0.0000
 -0.0000
 -0.0000
 -0.0000
 -0.0000
 -0.0000
 -0.0000
 -0.0000
 -0.0000
 -0.0000
 -0.0000
 -0.0000
 -0.0000
 -0.0000
 -0.0000
 -0.0000
 -0.0000
 -0.0000
 -0.0000
 -0.0000
 -0.0000
 -0.0000
 -0.0000
 -0.0000
 -0.0000
 -0.0000
 -0.0000
 -0.0000
 -0.0000
  0.0000
  0.0000
  0.0000
  0.0000
  0.0000
  0.0000
  0.0001
  0.0001
  0.0001
  0.0001
  0.0001
  0.0001
  0.0001
  0.0001
  0.0001
  0.0002
  0.0002
  0.0002
  0.0002
  0.0002
  0.0002
  0.0002
  0.0002
  0.0002
  0.0002
  0.0002
  0.0002
  0.0002
  0.0002
  0.0001
  0.0001
  0.0001
  0.0001
  0.0000
  0.0000
 -0.0000
 -0.0001
 -0.0001
 -0.0002
 -0.0002
 -0.0003
 -0.0003
 -0.0004
 -0.0005
 -0.0005
 -0.0006
 -0.0007
 -0.0008
 -0.0008
 -0.0009
 -0.0010
 -0.0011
 -0.0011
 -0.0012
 -0.0012
 -0.0013
 -0.0013
 -0.0014
 -0.0014
 -0.0014
 -0.0014
 -0.0014
 -0.0014
 -0.0013
 -0.0013
 -0.0012
 -0.0011
 -0.0010
 -0.0008
 -0.0007
 -0.0005
 -0.0003
 -0.0000
  0.0002
  0.0005
  0.0008
  0.0012
  0.0015
  0.0019
  0.0023
  0.0027
  0.0032
  0.0036
  0.0041
  0.0046
  0.0051
  0.0056
  0.0061
  0.0066
  0.0071
  0.0075
  0.0080
  0.0084
  0.0088
  0.0092
  0.0096
  0.0099
  0.0101
  0.0103
  0.0104
  0.0104
  0.0104
  0.0103
  0.0100
  0.0097
  0.0093
  0.0087
  0.0080
  0.0072
  0.0063
  0.0052
  0.0040
  0.0027
  0.0012
 -0.0005
 -0.0023
 -0.0043
 -0.0064
 -0.0087
 -0.0111
 -0.0137
 -0.0164
 -0.0192
 -0.0222
 -0.0252
 -0.0284
 -0.0317
 -0.0351
 -0.0385
 -0.0419
 -0.0454
 -0.0489
 -0.0524
 -0.0559
 -0.0593
 -0.0626
 -0.0658
 -0.0689
 -0.0718
 -0.0744
 -0.0769
 -0.0791
 -0.0809
 -0.0825
 -0.0836
 -0.0844
 -0.0847
 -0.0845
 -0.0838
 -0.0825
 -0.0806
 -0.0781
 -0.0750
 -0.0711
 -0.0665
 -0.0612
 -0.0550
 -0.0481
 -0.0403
 -0.0316
 -0.0220
 -0.0115
 -0.0000
  0.0123
  0.0257
  0.0400
  0.0552
  0.0715
  0.0887
  0.1068
  0.1259
  0.1459
  0.1668
  0.1886
  0.2113
  0.2348
  0.2590
  0.2840
  0.3097
  0.3360
  0.3629
  0.3903
  0.4181
  0.4464
  0.4749
  0.5037
  0.5326
  0.5616
  0.5905
  0.6194
  0.6480
  0.6762
  0.7041
  0.7314
  0.7580
  0.7839
  0.8090
  0.8330
  0.8560
  0.8777
  0.8980
  0.9169
  0.9342
  0.9498
  0.9635
  0.9752
  0.9849
  0.9923
  0.9974
