  0.9968
  0.9905
  0.9813
  0.9694
  0.9548
  0.9379
  0.9187
  0.8974
  0.8742
  0.8492
  0.8225
  0.7944
  0.7650
  0.7344
  0.7028
  0.6703
  0.6371
  0.6033
  0.5691
  0.5345
  0.4998
  0.4650
  0.4303
  0.3958
  0.3616
  0.3278
  0.2946
  0.2619
  0.2300
  0.1990
  0.1688
  0.1397
  0.1116
  0.0846
  0.0589
  0.0345
  0.0115
 -0.0102
 -0.0304
 -0.0490
 -0.0661
 -0.0817
 -0.0955
 -0.1077
 -0.1183
 -0.1271
 -0.1341
 -0.1394
 -0.1430
 -0.1448
 -0.1448
 -0.1430
 -0.1394
 -0.1341
 -0.1271
 -0.1183
 -0.1077
 -0.0955
 -0.0817
 -0.0661
 -0.0490
 -0.0304
 -0.0102
  0.0115
  0.0345
  0.0589
  0.0846
  0.1116
  0.1397
  0.1688
  0.1990
  0.2300
  0.2619
  0.2946
  0.3278
  0.3616
  0.3958
  0.4303
  0.4650
  0.4998
  0.5345
  0.5691
  0.6033
  0.6371
  0.6703
  0.7028
  0.7344
  0.7650
  0.7944
  0.8225
  0.8492
  0.8742
  0.8974
  0.9187
  0.9379
  0.9548
  0.9694
  0.9813
  0.9905
  0.9968
