  0.9967
  0.9903
  0.9809
  0.9687
  0.9538
  0.9363
  0.9164
  0.8943
  0.8701
  0.8440
  0.8162
  0.7866
  0.7555
  0.7231
  0.6894
  0.6547
  0.6191
  0.5828
  0.5457
  0.5081
  0.4702
  0.4321
  0.3939
  0.3558
  0.3177
  0.2800
  0.2427
  0.2060
  0.1699
  0.1347
  0.1003
  0.0668
  0.0345
  0.0035
 -0.0263
 -0.0547
 -0.0816
 -0.1069
 -0.1307
 -0.1526
 -0.1728
 -0.1912
 -0.2077
 -0.2222
 -0.2347
 -0.2452
 -0.2536
 -0.2599
 -0.2642
 -0.2664
 -0.2664
 -0.2642
 -0.2599
 -0.2536
 -0.2452
 -0.2347
 -0.2222
 -0.2076
 -0.1912
 -0.1728
 -0.1526
 -0.1307
 -0.1069
 -0.0816
 -0.0547
 -0.0263
  0.0035
  0.0346
  0.0668
  0.1002
  0.1347
  0.1700
  0.2060
  0.2427
  0.2800
  0.3177
  0.3557
  0.3939
  0.4321
  0.4702
  0.5081
  0.5457
  0.5828
  0.6191
  0.6547
  0.6894
  0.7231
  0.7555
  0.7866
  0.8161
  0.8440
  0.8702
  0.8943
  0.9164
  0.9363
  0.9538
  0.9687
  0.9809
  0.9903
  0.9967
