  0.9980
  0.9942
  0.9886
  0.9813
  0.9723
  0.9617
  0.9496
  0.9361
  0.9212
  0.9050
  0.8876
  0.8691
  0.8495
  0.8289
  0.8073
  0.7849
  0.7617
  0.7378
  0.7133
  0.6882
  0.6626
  0.6365
  0.6101
  0.5834
  0.5564
  0.5293
  0.5020
  0.4748
  0.4475
  0.4204
  0.3933
  0.3665
  0.3399
  0.3136
  0.2877
  0.2622
  0.2373
  0.2128
  0.1889
  0.1656
  0.1429
  0.1209
  0.0997
  0.0793
  0.0596
  0.0408
  0.0228
  0.0057
 -0.0104
 -0.0257
 -0.0399
 -0.0533
 -0.0657
 -0.0770
 -0.0875
 -0.0969
 -0.1053
 -0.1127
 -0.1192
 -0.1247
 -0.1292
 -0.1329
 -0.1356
 -0.1374
 -0.1384
 -0.1385
 -0.1378
 -0.1363
 -0.1341
 -0.1312
 -0.1277
 -0.1235
 -0.1188
 -0.1135
 -0.1078
 -0.1016
 -0.0951
 -0.0883
 -0.0812
 -0.0738
 -0.0664
 -0.0588
 -0.0511
 -0.0435
 -0.0358
 -0.0283
 -0.0209
 -0.0138
 -0.0068
 -0.0002
  0.0062
  0.0122
  0.0178
  0.0230
  0.0278
  0.0321
  0.0358
  0.0391
  0.0419
  0.0442
  0.0459
  0.0471
  0.0478
  0.0480
  0.0478
  0.0470
  0.0458
  0.0441
  0.0421
  0.0397
  0.0370
  0.0339
  0.0307
  0.0272
  0.0236
  0.0198
  0.0160
  0.0121
  0.0083
  0.0045
  0.0008
 -0.0027
 -0.0061
 -0.0093
 -0.0121
 -0.0148
 -0.0171
 -0.0191
 -0.0207
 -0.0220
 -0.0229
 -0.0235
 -0.0237
 -0.0235
 -0.0230
 -0.0222
 -0.0210
 -0.0196
 -0.0180
 -0.0161
 -0.0140
 -0.0117
 -0.0094
 -0.0070
 -0.0046
 -0.0021
  0.0002
  0.0025
  0.0047
  0.0067
  0.0085
  0.0101
  0.0114
  0.0125
  0.0133
  0.0138
  0.0140
  0.0140
  0.0137
  0.0131
  0.0123
  0.0112
  0.0100
  0.0085
  0.0070
  0.0053
  0.0036
  0.0019
  0.0002
 -0.0015
 -0.0031
 -0.0045
 -0.0058
 -0.0070
 -0.0079
 -0.0086
 -0.0091
 -0.0093
 -0.0093
 -0.0091
 -0.0086
 -0.0080
 -0.0072
 -0.0062
 -0.0050
 -0.0038
 -0.0025
 -0.0011
  0.0002
  0.0014
  0.0026
  0.0037
  0.0046
  0.0054
  0.0061
  0.0065
  0.0067
  0.0067
  0.0065
  0.0061
  0.0055
  0.0048
  0.0039
  0.0030
  0.0020
  0.0010
 -0.0001
 -0.0011
 -0.0021
 -0.0030
 -0.0037
 -0.0043
 -0.0047
 -0.0050
 -0.0050
 -0.0050
 -0.0047
 -0.0042
 -0.0037
 -0.0030
 -0.0022
 -0.0013
 -0.0004
  0.0004
  0.0013
  0.0020
  0.0027
  0.0032
  0.0036
  0.0039
  0.0040
  0.0039
  0.0037
  0.0033
  0.0028
  0.0022
  0.0015
  0.0007
 -0.0000
 -0.0007
 -0.0014
 -0.0020
 -0.0025
 -0.0029
 -0.0032
 -0.0032
 -0.0032
 -0.0030
 -0.0026
 -0.0022
 -0.0016
 -0.0010
 -0.0004
  0.0003
  0.0009
  0.0015
  0.0019
  0.0023
  0.0026
  0.0027
  0.0026
  0.0025
  0.0022
  0.0018
  0.0013
  0.0008
  0.0003
 -0.0003
 -0.0009
 -0.0014
 -0.0018
 -0.0021
 -0.0022
 -0.0023
 -0.0022
 -0.0020
 -0.0017
 -0.0013
 -0.0008
 -0.0003
  0.0002
  0.0007
  0.0012
  0.0015
  0.0018
  0.0019
  0.0019
  0.0019
  0.0016
  0.0014
  0.0010
  0.0006
  0.0001
 -0.0004
 -0.0008
 -0.0012
 -0.0015
 -0.0016
 -0.0017
 -0.0017
 -0.0015
 -0.0013
 -0.0009
 -0.0006
 -0.0001
  0.0003
  0.0007
  0.0010
  0.0013
  0.0015
  0.0015
  0.0014
  0.0013
  0.0011
  0.0007
  0.0004
 -0.0000
 -0.0004
 -0.0007
 -0.0010
 -0.0012
 -0.0013
 -0.0013
 -0.0012
 -0.0010
 -0.0008
 -0.0004
 -0.0001
  0.0003
  0.0006
  0.0009
  0.0011
  0.0012
  0.0012
  0.0011
  0.0010
  0.0007
  0.0004
  0.0001
 -0.0003
 -0.0006
 -0.0008
 -0.0010
 -0.0011
 -0.0011
 -0.0010
 -0.0008
 -0.0006
 -0.0003
  0.0000
  0.0003
  0.0006
  0.0009
  0.0010
  0.0010
  0.0010
  0.0008
  0.0006
  0.0003
  0.0000
 -0.0002
 -0.0005
 -0.0007
 -0.0009
 -0.0009
 -0.0009
 -0.0008
 -0.0006
 -0.0004
 -0.0001
  0.0002
  0.0005
  0.0007
  0.0008
  0.0008
  0.0008
  0.0007
  0.0005
  0.0003
  0.0000
 -0.0002
 -0.0005
 -0.0006
 -0.0008
 -0.0008
 -0.0008
 -0.0007
 -0.0005
 -0.0002
  0.0001
  0.0003
  0.0005
  0.0007
  0.0007
  0.0007
  0.0007
  0.0005
  0.0003
  0.0001
 -0.0001
 -0.0004
 -0.0006
 -0.0007
 -0.0007
 -0.0007
 -0.0006
 -0.0004
 -0.0001
  0.0001
  0.0003
  0.0005
  0.0006
  0.0007
  0.0006
  0.0006
  0.0004
  0.0002
 -0.0000
 -0.0003
 -0.0005
 -0.0006
 -0.0007
 -0.0006
 -0.0005
 -0.0004
 -0.0002
  0.0000
  0.0002
  0.0004
  0.0006
  0.0006
  0.0006
  0.0005
  0.0004
  0.0002
 -0.0001
 -0.0003
 -0.0004
 -0.0006
 -0.0006
 -0.0006
 -0.0005
 -0.0003
 -0.0001
  0.0001
  0.0003
  0.0005
  0.0006
  0.0006
  0.0006
  0.0005
  0.0003
  0.0001
 -0.0002
 -0.0003
 -0.0005
 -0.0005
 -0.0006
 -0.0005
 -0.0004
 -0.0002
 -0.0000
  0.0002
  0.0004
  0.0005
  0.0006
  0.0006
  0.0005
  0.0003
  0.0001
 -0.0001
 -0.0003
 -0.0004
 -0.0005
 -0.0006
 -0.0005
 -0.0004
 -0.0002
 -0.0000
  0.0002
  0.0003
  0.0005
  0.0005
  0.0005
  0.0005
  0.0003
  0.0002
 -0.0001
 -0.0003
 -0.0004
 -0.0005
 -0.0005
 -0.0005
 -0.0004
 -0.0002
 -0.0000
  0.0002
  0.0003
  0.0005
  0.0005
  0.0005
  0.0005
  0.0003
  0.0001
 -0.0001
 -0.0002
 -0.0004
 -0.0005
 -0.0005
 -0.0005
 -0.0004
 -0.0003
 -0.0001
  0.0002
  0.0003
  0.0005
  0.0005
  0.0005
  0.0005
  0.0003
  0.0002
 -0.0001
 -0.0002
 -0.0004
 -0.0005
 -0.0005
 -0.0005
 -0.0004
 -0.0003
 -0.0001
  0.0001
  0.0003
  0.0005
  0.0006
  0.0006
  0.0005
  0.0004
  0.0002
 -0.0000
 -0.0002
 -0.0004
 -0.0005
 -0.0006
 -0.0006
 -0.0005
 -0.0003
 -0.0001
  0.0001
  0.0003
  0.0004
  0.0006
  0.0006
  0.0006
  0.0005
  0.0003
  0.0001
 -0.0002
 -0.0003
 -0.0005
 -0.0006
 -0.0006
 -0.0005
 -0.0005
 -0.0003
 -0.0001
  0.0002
  0.0004
  0.0006
  0.0006
  0.0006
  0.0006
  0.0004
  0.0002
  0.0000
 -0.0002
 -0.0004
 -0.0005
 -0.0006
 -0.0007
 -0.0006
 -0.0005
 -0.0003
 -0.0000
  0.0002
  0.0004
  0.0006
  0.0007
  0.0007
  0.0006
  0.0005
  0.0003
  0.0001
 -0.0001
 -0.0004
 -0.0006
 -0.0007
 -0.0007
 -0.0007
 -0.0006
 -0.0004
 -0.0002
  0.0001
  0.0003
  0.0005
  0.0007
  0.0007
  0.0007
  0.0007
  0.0005
  0.0003
  0.0001
 -0.0002
 -0.0004
 -0.0006
 -0.0008
 -0.0008
 -0.0008
 -0.0007
 -0.0004
 -0.0002
  0.0000
  0.0003
  0.0005
  0.0007
  0.0008
  0.0009
  0.0008
  0.0007
  0.0005
  0.0002
 -0.0001
 -0.0004
 -0.0006
 -0.0008
 -0.0009
 -0.0009
 -0.0009
 -0.0007
 -0.0005
 -0.0003
  0.0000
  0.0003
  0.0006
  0.0008
  0.0010
  0.0010
  0.0010
  0.0008
  0.0006
  0.0004
  0.0001
 -0.0003
 -0.0006
 -0.0008
 -0.0010
 -0.0011
 -0.0011
 -0.0010
 -0.0008
 -0.0006
 -0.0003
  0.0001
  0.0004
  0.0007
  0.0010
  0.0011
  0.0012
  0.0012
  0.0011
  0.0009
  0.0006
  0.0003
 -0.0001
 -0.0004
 -0.0008
 -0.0010
 -0.0012
 -0.0013
 -0.0013
 -0.0012
 -0.0010
 -0.0007
 -0.0004
 -0.0000
  0.0004
  0.0007
  0.0010
  0.0013
  0.0014
  0.0015
  0.0015
  0.0013
  0.0010
  0.0007
  0.0003
 -0.0001
 -0.0006
 -0.0009
 -0.0012
 -0.0015
 -0.0016
 -0.0017
 -0.0017
 -0.0015
 -0.0012
 -0.0008
 -0.0004
  0.0001
  0.0005
  0.0010
  0.0014
  0.0016
  0.0019
  0.0019
  0.0019
  0.0018
  0.0015
  0.0011
  0.0007
  0.0002
 -0.0003
 -0.0008
 -0.0013
 -0.0017
 -0.0020
 -0.0022
 -0.0023
 -0.0022
 -0.0020
 -0.0017
 -0.0013
 -0.0009
 -0.0004
  0.0002
  0.0008
  0.0013
  0.0018
  0.0022
  0.0025
  0.0026
  0.0026
  0.0025
  0.0023
  0.0019
  0.0015
  0.0009
  0.0003
 -0.0004
 -0.0010
 -0.0016
 -0.0022
 -0.0026
 -0.0030
 -0.0032
 -0.0032
 -0.0031
 -0.0029
 -0.0025
 -0.0020
 -0.0014
 -0.0007
  0.0000
  0.0007
  0.0015
  0.0022
  0.0028
  0.0033
  0.0037
  0.0039
  0.0040
  0.0039
  0.0037
  0.0033
  0.0027
  0.0020
  0.0013
  0.0004
 -0.0004
 -0.0013
 -0.0022
 -0.0030
 -0.0037
 -0.0042
 -0.0047
 -0.0050
 -0.0051
 -0.0050
 -0.0047
 -0.0043
 -0.0037
 -0.0030
 -0.0021
 -0.0011
 -0.0001
  0.0009
  0.0020
  0.0030
  0.0040
  0.0048
  0.0055
  0.0061
  0.0065
  0.0067
  0.0067
  0.0065
  0.0061
  0.0055
  0.0046
  0.0037
  0.0026
  0.0014
  0.0002
 -0.0011
 -0.0025
 -0.0038
 -0.0050
 -0.0062
 -0.0072
 -0.0080
 -0.0086
 -0.0091
 -0.0093
 -0.0093
 -0.0091
 -0.0086
 -0.0079
 -0.0070
 -0.0059
 -0.0045
 -0.0031
 -0.0015
  0.0002
  0.0019
  0.0036
  0.0053
  0.0070
  0.0085
  0.0099
  0.0112
  0.0123
  0.0131
  0.0137
  0.0140
  0.0140
  0.0138
  0.0133
  0.0125
  0.0114
  0.0101
  0.0085
  0.0067
  0.0047
  0.0025
  0.0002
 -0.0021
 -0.0046
 -0.0070
 -0.0094
 -0.0117
 -0.0140
 -0.0161
 -0.0180
 -0.0197
 -0.0211
 -0.0222
 -0.0230
 -0.0235
 -0.0237
 -0.0235
 -0.0229
 -0.0220
 -0.0207
 -0.0191
 -0.0171
 -0.0148
 -0.0121
 -0.0092
 -0.0061
 -0.0027
  0.0008
  0.0045
  0.0083
  0.0121
  0.0160
  0.0198
  0.0236
  0.0272
  0.0307
  0.0339
  0.0370
  0.0397
  0.0421
  0.0441
  0.0458
  0.0470
  0.0478
  0.0480
  0.0478
  0.0471
  0.0459
  0.0442
  0.0419
  0.0391
  0.0358
  0.0320
  0.0278
  0.0230
  0.0178
  0.0122
  0.0062
 -0.0002
 -0.0068
 -0.0138
 -0.0209
 -0.0283
 -0.0358
 -0.0435
 -0.0511
 -0.0588
 -0.0664
 -0.0739
 -0.0812
 -0.0883
 -0.0951
 -0.1016
 -0.1078
 -0.1135
 -0.1188
 -0.1235
 -0.1277
 -0.1312
 -0.1341
 -0.1363
 -0.1378
 -0.1385
 -0.1384
 -0.1374
 -0.1356
 -0.1329
 -0.1292
 -0.1247
 -0.1192
 -0.1127
 -0.1053
 -0.0969
 -0.0875
 -0.0771
 -0.0657
 -0.0533
 -0.0399
 -0.0256
 -0.0104
  0.0057
  0.0228
  0.0408
  0.0596
  0.0793
  0.0997
  0.1210
  0.1429
  0.1656
  0.1889
  0.2128
  0.2373
  0.2623
  0.2877
  0.3136
  0.3399
  0.3665
  0.3933
  0.4203
  0.4475
  0.4748
  0.5020
  0.5293
  0.5564
  0.5834
  0.6101
  0.6365
  0.6626
  0.6882
  0.7133
  0.7378
  0.7617
  0.7849
  0.8073
  0.8289
  0.8495
  0.8691
  0.8876
  0.9050
  0.9212
  0.9361
  0.9496
  0.9617
  0.9723
  0.9813
  0.9886
  0.9942
  0.9980
