  0.9968   0.9968
  0.9905   0.9905
  0.9813   0.9811
  0.9694   0.9687
  0.9548   0.9538
  0.9379   0.9363
  0.9187   0.9166
  0.8974   0.8948
  0.8742   0.8707
  0.8492   0.8446
  0.8225   0.8165
  0.7944   0.7870
  0.7650   0.7561
  0.7344   0.7240
  0.7028   0.6905
  0.6703   0.6558
  0.6371   0.6202
  0.6033   0.5838
  0.5691   0.5468
  0.5345   0.5095
  0.4998   0.4718
  0.4650   0.4339
  0.4303   0.3956
  0.3958   0.3575
  0.3616   0.3195
  0.3278   0.2819
  0.2946   0.2449
  0.2619   0.2083
  0.2300   0.1724
  0.1990   0.1371
  0.1688   0.1027
  0.1397   0.0693
  0.1116   0.0371
  0.0846   0.0062
  0.0589  -0.0233
  0.0345  -0.0516
  0.0115  -0.0786
 -0.0102  -0.1040
 -0.0304  -0.1278
 -0.0490  -0.1495
 -0.0661  -0.1694
 -0.0817  -0.1877
 -0.0955  -0.2043
 -0.1077  -0.2189
 -0.1183  -0.2314
 -0.1271  -0.2418
 -0.1341  -0.2501
 -0.1394  -0.2565
 -0.1430  -0.2607
 -0.1448  -0.2628
 -0.1448  -0.2629
 -0.1430  -0.2608
 -0.1394  -0.2565
 -0.1341  -0.2501
 -0.1271  -0.2417
 -0.1183  -0.2313
 -0.1077  -0.2189
 -0.0955  -0.2043
 -0.0817  -0.1878
 -0.0661  -0.1695
 -0.0490  -0.1495
 -0.0304  -0.1276
 -0.0102  -0.1039
  0.0115  -0.0786
  0.0345  -0.0517
  0.0589  -0.0234
  0.0846   0.0062
  0.1116   0.0371
  0.1397   0.0694
  0.1688   0.1028
  0.1990   0.1371
  0.2300   0.1723
  0.2619   0.2082
  0.2946   0.2448
  0.3278   0.2820
  0.3616   0.3196
  0.3958   0.3575
  0.4303   0.3956
  0.4650   0.4338
  0.4998   0.4717
  0.5345   0.5096
  0.5691   0.5470
  0.6033   0.5838
  0.6371   0.6201
  0.6703   0.6558
  0.7028   0.6904
  0.7344   0.7239
  0.7650   0.7562
  0.7944   0.7871
  0.8225   0.8166
  0.8492   0.8445
  0.8742   0.8706
  0.8974   0.8947
  0.9187   0.9166
  0.9379   0.9364
  0.9548   0.9539
  0.9694   0.9687
  0.9813   0.9810
  0.9905   0.9904
  0.9968   0.9967
